 1.47890  1.48218 1.97752e-10 0.0 0.0 1.97752e-10
 1.48218  1.48546 2.07093e-10 0.0 0.0 2.07093e-10
 1.48546  1.48874 2.12944e-10 0.0 0.0 2.12944e-10
 1.48874  1.49202 2.09003e-10 0.0 0.0 2.09003e-10
 1.49202  1.49530 2.16323e-10 0.0 0.0 2.16323e-10
 1.49530  1.49858 2.19545e-10 0.0 0.0 2.19545e-10
 1.49858  1.50186 2.23352e-10 0.0 0.0 2.23352e-10
 1.50186  1.50514 2.28337e-10 0.0 0.0 2.28337e-10
 1.50514  1.50842 2.37535e-10 0.0 0.0 2.37535e-10
 1.50842  1.51170 2.40180e-10 0.0 0.0 2.40180e-10
 1.51170  1.51498 2.43357e-10 0.0 0.0 2.43357e-10
 1.51498  1.51826 2.40627e-10 0.0 0.0 2.40627e-10
 1.51826  1.52154 2.50943e-10 0.0 0.0 2.50943e-10
 1.52154  1.52482 2.64971e-10 0.0 0.0 2.64971e-10
 1.52482  1.52810 2.68617e-10 0.0 0.0 2.68617e-10
 1.52810  1.53138 2.76773e-10 0.0 0.0 2.76773e-10
 1.53138  1.53466 2.79884e-10 0.0 0.0 2.79884e-10
 1.53466  1.53794 2.90380e-10 0.0 0.0 2.90380e-10
 1.53794  1.54122 2.96391e-10 0.0 0.0 2.96391e-10
 1.54122  1.54450 3.01183e-10 0.0 0.0 3.01183e-10
 1.54450  1.54778 3.12695e-10 0.0 0.0 3.12695e-10
 1.54778  1.55106 3.21811e-10 0.0 0.0 3.21811e-10
 1.55106  1.55434 3.25972e-10 0.0 0.0 3.25972e-10
 1.55434  1.55762 3.30437e-10 0.0 0.0 3.30437e-10
 1.55762  1.56090 3.15958e-10 0.0 0.0 3.15958e-10
 1.56090  1.56418 3.28536e-10 0.0 0.0 3.28536e-10
 1.56418  1.56746 3.36551e-10 0.0 0.0 3.36551e-10
 1.56746  1.57074 3.52961e-10 0.0 0.0 3.52961e-10
 1.57074  1.57402 3.56539e-10 0.0 0.0 3.56539e-10
 1.57402  1.57730 3.68494e-10 0.0 0.0 3.68494e-10
 1.57730  1.58058 3.62402e-10 0.0 0.0 3.62402e-10
 1.58058  1.58386 3.66640e-10 0.0 0.0 3.66640e-10
 1.58386  1.58714 3.79119e-10 0.0 0.0 3.79119e-10
 1.58714  1.59042 3.85367e-10 0.0 0.0 3.85367e-10
 1.59042  1.59370 3.90311e-10 0.0 0.0 3.90311e-10
 1.59370  1.59698 3.99218e-10 0.0 0.0 3.99218e-10
 1.59698  1.60026 4.00920e-10 0.0 0.0 4.00920e-10
 1.60026  1.60354 4.04139e-10 0.0 0.0 4.04139e-10
 1.60354  1.60682 4.05005e-10 0.0 0.0 4.05005e-10
 1.60682  1.61010 4.13751e-10 0.0 0.0 4.13751e-10
 1.61010  1.61338 4.16843e-10 0.0 0.0 4.16843e-10
 1.61338  1.61666 4.19073e-10 0.0 0.0 4.19073e-10
 1.61666  1.61994 4.22674e-10 0.0 0.0 4.22674e-10
 1.61994  1.62322 4.25142e-10 0.0 0.0 4.25142e-10
 1.62322  1.62650 4.30627e-10 0.0 0.0 4.30627e-10
 1.62650  1.62978 4.32538e-10 0.0 0.0 4.32538e-10
 1.62978  1.63306 4.31254e-10 0.0 0.0 4.31254e-10
 1.63306  1.63634 4.34226e-10 0.0 0.0 4.34226e-10
 1.63634  1.63962 4.39150e-10 0.0 0.0 4.39150e-10
 1.63962  1.64290 4.42404e-10 0.0 0.0 4.42404e-10
 1.64290  1.64618 4.44330e-10 0.0 0.0 4.44330e-10
 1.64618  1.64946 4.47816e-10 0.0 0.0 4.47816e-10
 1.64946  1.65274 4.48891e-10 0.0 0.0 4.48891e-10
 1.65274  1.65602 4.51048e-10 0.0 0.0 4.51048e-10
 1.65602  1.65930 4.50947e-10 0.0 0.0 4.50947e-10
 1.65930  1.66258 4.51227e-10 0.0 0.0 4.51227e-10
 1.66258  1.66586 4.52455e-10 0.0 0.0 4.52455e-10
 1.66586  1.66914 4.56381e-10 0.0 0.0 4.56381e-10
 1.66914  1.67242 4.54788e-10 0.0 0.0 4.54788e-10
 1.67242  1.67570 4.55190e-10 0.0 0.0 4.55190e-10
 1.67570  1.67898 4.59292e-10 0.0 0.0 4.59292e-10
 1.67898  1.68226 4.68130e-10 0.0 0.0 4.68130e-10
 1.68226  1.68554 4.67477e-10 0.0 0.0 4.67477e-10
 1.68554  1.68882 4.65954e-10 0.0 0.0 4.65954e-10
 1.68882  1.69210 4.61026e-10 0.0 0.0 4.61026e-10
 1.69210  1.69538 4.58936e-10 0.0 0.0 4.58936e-10
 1.69538  1.69866 4.57195e-10 0.0 0.0 4.57195e-10
 1.69866  1.70194 4.54701e-10 0.0 0.0 4.54701e-10
 1.70194  1.70522 4.59642e-10 0.0 0.0 4.59642e-10
 1.70522  1.70850 4.56079e-10 0.0 0.0 4.56079e-10
 1.70850  1.71178 4.52572e-10 0.0 0.0 4.52572e-10
 1.71178  1.71506 4.38583e-10 0.0 0.0 4.38583e-10
 1.71506  1.71834 4.26635e-10 0.0 0.0 4.26635e-10
 1.71834  1.72162 4.17464e-10 0.0 0.0 4.17464e-10
 1.72162  1.72490 4.15579e-10 0.0 0.0 4.15579e-10
 1.72490  1.72818 4.08197e-10 0.0 0.0 4.08197e-10
 1.72818  1.73146 4.02826e-10 0.0 0.0 4.02826e-10
 1.73146  1.73474 3.94597e-10 0.0 0.0 3.94597e-10
 1.73474  1.73802 3.88220e-10 0.0 0.0 3.88220e-10
 1.73802  1.74130 3.90513e-10 0.0 0.0 3.90513e-10
 1.74130  1.74458 3.87096e-10 0.0 0.0 3.87096e-10
 1.74458  1.74786 3.75969e-10 0.0 0.0 3.75969e-10
 1.74786  1.75114 3.64529e-10 0.0 0.0 3.64529e-10
 1.75114  1.75442 3.61636e-10 0.0 0.0 3.61636e-10
 1.75442  1.75770 3.51817e-10 0.0 0.0 3.51817e-10
 1.75770  1.76098 3.50659e-10 0.0 0.0 3.50659e-10
 1.76098  1.76426 3.49011e-10 0.0 0.0 3.49011e-10
 1.76426  1.76754 3.43356e-10 0.0 0.0 3.43356e-10
 1.76754  1.77082 3.25574e-10 0.0 0.0 3.25574e-10
 1.77082  1.77410 3.24209e-10 0.0 0.0 3.24209e-10
 1.77410  1.77738 3.10642e-10 0.0 0.0 3.10642e-10
 1.77738  1.78066 3.11885e-10 0.0 0.0 3.11885e-10
 1.78066  1.78394 3.07337e-10 0.0 0.0 3.07337e-10
 1.78394  1.78722 2.93497e-10 0.0 0.0 2.93497e-10
 1.78722  1.79050 2.98869e-10 0.0 0.0 2.98869e-10
 1.79050  1.79378 2.94507e-10 0.0 0.0 2.94507e-10
 1.79378  1.79706 2.86499e-10 0.0 0.0 2.86499e-10
 1.79706  1.80034 2.95044e-10 0.0 0.0 2.95044e-10
 1.96538  1.96972 2.74984e-10 0.0 0.0 2.74984e-10
 1.96972  1.97407 2.80701e-10 0.0 0.0 2.80701e-10
 1.97407  1.97841 2.80629e-10 0.0 0.0 2.80629e-10
 1.97841  1.98276 2.85626e-10 0.0 0.0 2.85626e-10
 1.98276  1.98711 2.85894e-10 0.0 0.0 2.85894e-10
 1.98711  1.99145 2.84133e-10 0.0 0.0 2.84133e-10
 1.99145  1.99580 2.93026e-10 0.0 0.0 2.93026e-10
 1.99580  2.00014 2.99741e-10 0.0 0.0 2.99741e-10
 2.00014  2.00449 3.06516e-10 0.0 0.0 3.06516e-10
 2.00449  2.00884 3.04573e-10 0.0 0.0 3.04573e-10
 2.00884  2.01318 3.07183e-10 0.0 0.0 3.07183e-10
 2.01318  2.01753 3.17647e-10 0.0 0.0 3.17647e-10
 2.01753  2.02187 3.15759e-10 0.0 0.0 3.15759e-10
 2.02187  2.02622 3.37125e-10 0.0 0.0 3.37125e-10
 2.02622  2.03056 3.29508e-10 0.0 0.0 3.29508e-10
 2.03056  2.03491 3.44398e-10 0.0 0.0 3.44398e-10
 2.03491  2.03926 3.54892e-10 0.0 0.0 3.54892e-10
 2.03926  2.04360 3.56121e-10 0.0 0.0 3.56121e-10
 2.04360  2.04795 3.67034e-10 0.0 0.0 3.67034e-10
 2.04795  2.05230 3.76931e-10 0.0 0.0 3.76931e-10
 2.05230  2.05664 3.76240e-10 0.0 0.0 3.76240e-10
 2.05664  2.06099 4.01061e-10 0.0 0.0 4.01061e-10
 2.06099  2.06533 3.96764e-10 0.0 0.0 3.96764e-10
 2.06533  2.06968 4.08819e-10 0.0 0.0 4.08819e-10
 2.06968  2.07402 4.14569e-10 0.0 0.0 4.14569e-10
 2.07402  2.07837 4.21705e-10 0.0 0.0 4.21705e-10
 2.07837  2.08272 4.30858e-10 0.0 0.0 4.30858e-10
 2.08272  2.08706 4.36439e-10 0.0 0.0 4.36439e-10
 2.08706  2.09141 4.45814e-10 0.0 0.0 4.45814e-10
 2.09141  2.09576 4.54209e-10 0.0 0.0 4.54209e-10
 2.09576  2.10010 4.59854e-10 0.0 0.0 4.59854e-10
 2.10010  2.10445 4.69280e-10 0.0 0.0 4.69280e-10
 2.10445  2.10879 4.74233e-10 0.0 0.0 4.74233e-10
 2.10879  2.11314 4.78278e-10 0.0 0.0 4.78278e-10
 2.11314  2.11749 4.86183e-10 0.0 0.0 4.86183e-10
 2.11749  2.12183 4.82282e-10 0.0 0.0 4.82282e-10
 2.12183  2.12618 4.96530e-10 0.0 0.0 4.96530e-10
 2.12618  2.13052 4.96859e-10 0.0 0.0 4.96859e-10
 2.13052  2.13487 5.00849e-10 0.0 0.0 5.00849e-10
 2.13487  2.13922 5.05541e-10 0.0 0.0 5.05541e-10
 2.13922  2.14356 4.95656e-10 0.0 0.0 4.95656e-10
 2.14356  2.14791 5.07313e-10 0.0 0.0 5.07313e-10
 2.14791  2.15225 5.00280e-10 0.0 0.0 5.00280e-10
 2.15225  2.15660 4.95945e-10 0.0 0.0 4.95945e-10
 2.15660  2.16095 4.95552e-10 0.0 0.0 4.95552e-10
 2.16095  2.16529 4.91698e-10 0.0 0.0 4.91698e-10
 2.16529  2.16964 4.87660e-10 0.0 0.0 4.87660e-10
 2.16964  2.17398 4.83030e-10 0.0 0.0 4.83030e-10
 2.17398  2.17833 4.77350e-10 0.0 0.0 4.77350e-10
 2.17833  2.18267 4.74719e-10 0.0 0.0 4.74719e-10
 2.18267  2.18702 4.72195e-10 0.0 0.0 4.72195e-10
 2.18702  2.19137 4.71782e-10 0.0 0.0 4.71782e-10
 2.19137  2.19571 4.66393e-10 0.0 0.0 4.66393e-10
 2.19571  2.20006 4.58922e-10 0.0 0.0 4.58922e-10
 2.20006  2.20440 4.57842e-10 0.0 0.0 4.57842e-10
 2.20440  2.20875 4.54423e-10 0.0 0.0 4.54423e-10
 2.20875  2.21310 4.61061e-10 0.0 0.0 4.61061e-10
 2.21310  2.21744 4.64316e-10 0.0 0.0 4.64316e-10
 2.21744  2.22179 4.55602e-10 0.0 0.0 4.55602e-10
 2.22179  2.22613 4.55475e-10 0.0 0.0 4.55475e-10
 2.22613  2.23048 4.61320e-10 0.0 0.0 4.61320e-10
 2.23048  2.23483 4.60853e-10 0.0 0.0 4.60853e-10
 2.23483  2.23917 4.57205e-10 0.0 0.0 4.57205e-10
 2.23917  2.24352 4.54187e-10 0.0 0.0 4.54187e-10
 2.24352  2.24787 4.49044e-10 0.0 0.0 4.49044e-10
 2.24787  2.25221 4.48323e-10 0.0 0.0 4.48323e-10
 2.25221  2.25656 4.45307e-10 0.0 0.0 4.45307e-10
 2.25656  2.26090 4.42670e-10 0.0 0.0 4.42670e-10
 2.26090  2.26525 4.39354e-10 0.0 0.0 4.39354e-10
 2.26525  2.26959 4.27786e-10 0.0 0.0 4.27786e-10
 2.26959  2.27394 4.24251e-10 0.0 0.0 4.24251e-10
 2.27394  2.27829 4.30438e-10 0.0 0.0 4.30438e-10
 2.27829  2.28263 4.22970e-10 0.0 0.0 4.22970e-10
 2.28263  2.28698 4.22925e-10 0.0 0.0 4.22925e-10
 2.28698  2.29132 4.23824e-10 0.0 0.0 4.23824e-10
 2.29132  2.29567 3.77059e-10 0.0 0.0 3.77059e-10
 2.29567  2.30002 3.40443e-10 0.0 0.0 3.40443e-10
 2.30002  2.30436 3.50650e-10 0.0 0.0 3.50650e-10
 2.30436  2.30871 3.54889e-10 0.0 0.0 3.54889e-10
 2.30871  2.31306 3.53477e-10 0.0 0.0 3.53477e-10
 2.31306  2.31740 3.51429e-10 0.0 0.0 3.51429e-10
 2.31740  2.32175 3.45939e-10 0.0 0.0 3.45939e-10
 2.32175  2.32609 3.32546e-10 0.0 0.0 3.32546e-10
 2.32609  2.33044 3.36106e-10 0.0 0.0 3.36106e-10
 2.33044  2.33479 3.39075e-10 0.0 0.0 3.39075e-10
 2.33479  2.33913 3.43712e-10 0.0 0.0 3.43712e-10
 2.33913  2.34348 3.42101e-10 0.0 0.0 3.42101e-10
 2.34348  2.34782 3.48500e-10 0.0 0.0 3.48500e-10
 2.34782  2.35217 3.54423e-10 0.0 0.0 3.54423e-10
 2.35217  2.35652 3.43806e-10 0.0 0.0 3.43806e-10
 2.35652  2.36086 3.36335e-10 0.0 0.0 3.36335e-10
 2.36086  2.36521 3.34355e-10 0.0 0.0 3.34355e-10
 2.36521  2.36955 3.37231e-10 0.0 0.0 3.37231e-10
 2.36955  2.37390 3.33983e-10 0.0 0.0 3.33983e-10
 2.37390  2.37824 3.36699e-10 0.0 0.0 3.36699e-10
 2.87344  2.87923 2.57102e-10 0.0 0.0 2.57102e-10
 2.87923  2.88504 2.58039e-10 0.0 0.0 2.58039e-10
 2.88504  2.89085 2.46906e-10 0.0 0.0 2.46906e-10
 2.89085  2.89668 2.56924e-10 0.0 0.0 2.56924e-10
 2.89668  2.90251 2.58014e-10 0.0 0.0 2.58014e-10
 2.90251  2.90836 2.46433e-10 0.0 0.0 2.46433e-10
 2.90836  2.91423 2.44980e-10 0.0 0.0 2.44980e-10
 2.91423  2.92010 2.54710e-10 0.0 0.0 2.54710e-10
 2.92010  2.92598 2.46016e-10 0.0 0.0 2.46016e-10
 2.92598  2.93188 2.47135e-10 0.0 0.0 2.47135e-10
 2.93188  2.93779 2.68643e-10 0.0 0.0 2.68643e-10
 2.93779  2.94371 2.61409e-10 0.0 0.0 2.61409e-10
 2.94371  2.94964 2.49467e-10 0.0 0.0 2.49467e-10
 2.94964  2.95559 2.52842e-10 0.0 0.0 2.52842e-10
 2.95559  2.96154 2.58382e-10 0.0 0.0 2.58382e-10
 2.96154  2.96751 2.56423e-10 0.0 0.0 2.56423e-10
 2.96751  2.97349 2.53153e-10 0.0 0.0 2.53153e-10
 2.97349  2.97949 2.65493e-10 0.0 0.0 2.65493e-10
 2.97949  2.98549 2.68217e-10 0.0 0.0 2.68217e-10
 2.98549  2.99151 2.57973e-10 0.0 0.0 2.57973e-10
 2.99151  2.99754 2.65102e-10 0.0 0.0 2.65102e-10
 2.99754  3.00358 2.61311e-10 0.0 0.0 2.61311e-10
 3.00358  3.00963 2.45996e-10 0.0 0.0 2.45996e-10
 3.00963  3.01570 2.55508e-10 0.0 0.0 2.55508e-10
 3.01570  3.02177 2.68958e-10 0.0 0.0 2.68958e-10
 3.02177  3.02786 2.67698e-10 0.0 0.0 2.67698e-10
 3.02786  3.03396 2.63923e-10 0.0 0.0 2.63923e-10
 3.03396  3.04008 2.62868e-10 0.0 0.0 2.62868e-10
 3.04008  3.04621 2.83282e-10 0.0 0.0 2.83282e-10
 3.04621  3.05235 2.66341e-10 0.0 0.0 2.66341e-10
 3.05235  3.05850 2.66804e-10 0.0 0.0 2.66804e-10
 3.05850  3.06466 2.71117e-10 0.0 0.0 2.71117e-10
 3.06466  3.07084 2.64982e-10 0.0 0.0 2.64982e-10
 3.07084  3.07703 2.65271e-10 0.0 0.0 2.65271e-10
 3.07703  3.08323 2.65229e-10 0.0 0.0 2.65229e-10
 3.08323  3.08944 2.64497e-10 0.0 0.0 2.64497e-10
 3.08944  3.09567 2.50867e-10 0.0 0.0 2.50867e-10
 3.09567  3.10191 2.65261e-10 0.0 0.0 2.65261e-10
 3.10191  3.10816 2.68604e-10 0.0 0.0 2.68604e-10
 3.10816  3.11442 2.67617e-10 0.0 0.0 2.67617e-10
 3.11442  3.12070 2.75170e-10 0.0 0.0 2.75170e-10
 3.12070  3.12699 2.73691e-10 0.0 0.0 2.73691e-10
 3.12699  3.13329 2.88447e-10 0.0 0.0 2.88447e-10
 3.13329  3.13960 2.76251e-10 0.0 0.0 2.76251e-10
 3.13960  3.14593 2.50304e-10 0.0 0.0 2.50304e-10
 3.14593  3.15227 2.48931e-10 0.0 0.0 2.48931e-10
 3.15227  3.15862 2.59435e-10 0.0 0.0 2.59435e-10
 3.15862  3.16499 2.83118e-10 0.0 0.0 2.83118e-10
 3.16499  3.17137 2.74086e-10 0.0 0.0 2.74086e-10
 3.17137  3.17776 2.51201e-10 0.0 0.0 2.51201e-10
 3.17776  3.18416 2.78739e-10 0.0 0.0 2.78739e-10
 3.18416  3.19058 2.77183e-10 0.0 0.0 2.77183e-10
 3.19058  3.19701 2.47230e-10 0.0 0.0 2.47230e-10
 3.19701  3.20345 2.40686e-10 0.0 0.0 2.40686e-10
 3.20345  3.20991 2.60766e-10 0.0 0.0 2.60766e-10
 3.20991  3.21638 2.70575e-10 0.0 0.0 2.70575e-10
 3.21638  3.22286 2.71953e-10 0.0 0.0 2.71953e-10
 3.22286  3.22936 2.72326e-10 0.0 0.0 2.72326e-10
 3.22936  3.23587 2.76731e-10 0.0 0.0 2.76731e-10
 3.23587  3.24239 2.60418e-10 0.0 0.0 2.60418e-10
 3.24239  3.24892 2.63808e-10 0.0 0.0 2.63808e-10
 3.24892  3.25547 2.93398e-10 0.0 0.0 2.93398e-10
 3.25547  3.26203 2.90434e-10 0.0 0.0 2.90434e-10
 3.26203  3.26860 2.90616e-10 0.0 0.0 2.90616e-10
 3.26860  3.27519 2.71740e-10 0.0 0.0 2.71740e-10
 3.27519  3.28179 2.67890e-10 0.0 0.0 2.67890e-10
 3.28179  3.28841 2.89493e-10 0.0 0.0 2.89493e-10
 3.28841  3.29503 2.89296e-10 0.0 0.0 2.89296e-10
 3.29503  3.30167 2.90909e-10 0.0 0.0 2.90909e-10
 3.30167  3.30833 2.73504e-10 0.0 0.0 2.73504e-10
 3.30833  3.31500 2.42036e-10 0.0 0.0 2.42036e-10
 3.31500  3.32168 2.31898e-10 0.0 0.0 2.31898e-10
 3.32168  3.32837 2.24366e-10 0.0 0.0 2.24366e-10
 3.32837  3.33508 2.27554e-10 0.0 0.0 2.27554e-10
 3.33508  3.34180 2.31906e-10 0.0 0.0 2.31906e-10
 3.34180  3.34853 2.37759e-10 0.0 0.0 2.37759e-10
 3.34853  3.35528 2.41237e-10 0.0 0.0 2.41237e-10
 3.35528  3.36204 2.54575e-10 0.0 0.0 2.54575e-10
 3.36204  3.36882 2.91510e-10 0.0 0.0 2.91510e-10
 3.36882  3.37561 2.96905e-10 0.0 0.0 2.96905e-10
 3.37561  3.38241 2.84965e-10 0.0 0.0 2.84965e-10
 3.38241  3.38923 2.62295e-10 0.0 0.0 2.62295e-10
 3.38923  3.39606 2.76411e-10 0.0 0.0 2.76411e-10
 3.39606  3.40290 2.72364e-10 0.0 0.0 2.72364e-10
 3.40290  3.40976 2.69080e-10 0.0 0.0 2.69080e-10
 3.40976  3.41663 2.77197e-10 0.0 0.0 2.77197e-10
 3.41663  3.42352 2.82212e-10 0.0 0.0 2.82212e-10
 3.42352  3.43042 2.96891e-10 0.0 0.0 2.96891e-10
 3.43042  3.43733 2.83624e-10 0.0 0.0 2.83624e-10
 3.43733  3.44426 2.68094e-10 0.0 0.0 2.68094e-10
 3.44426  3.45120 2.72971e-10 0.0 0.0 2.72971e-10
 3.45120  3.45816 2.76272e-10 0.0 0.0 2.76272e-10
 3.45816  3.46513 2.84736e-10 0.0 0.0 2.84736e-10
 3.46513  3.47211 2.78119e-10 0.0 0.0 2.78119e-10
 3.47211  3.47911 2.80445e-10 0.0 0.0 2.80445e-10
 3.47911  3.48612 2.87610e-10 0.0 0.0 2.87610e-10
 3.48612  3.49314 2.76873e-10 0.0 0.0 2.76873e-10
 3.49314  3.50018 2.85736e-10 0.0 0.0 2.85736e-10
 3.50018  3.50724 2.96657e-10 0.0 0.0 2.96657e-10
 3.50724  3.51431 2.91136e-10 0.0 0.0 2.91136e-10
 3.51431  3.52139 2.92477e-10 0.0 0.0 2.92477e-10
 3.52139  3.52849 2.84396e-10 0.0 0.0 2.84396e-10
 3.52849  3.53560 2.89461e-10 0.0 0.0 2.89461e-10
 3.53560  3.54272 2.86561e-10 0.0 0.0 2.86561e-10
 3.54272  3.54986 2.82691e-10 0.0 0.0 2.82691e-10
 3.54986  3.55702 2.99115e-10 0.0 0.0 2.99115e-10
 3.55702  3.56419 2.96502e-10 0.0 0.0 2.96502e-10
 3.56419  3.57137 2.97590e-10 0.0 0.0 2.97590e-10
 3.57137  3.57857 2.91097e-10 0.0 0.0 2.91097e-10
 3.57857  3.58578 2.90827e-10 0.0 0.0 2.90827e-10
 3.58578  3.59300 3.00349e-10 0.0 0.0 3.00349e-10
 3.59300  3.60025 3.01682e-10 0.0 0.0 3.01682e-10
 3.60025  3.60750 2.96909e-10 0.0 0.0 2.96909e-10
 3.60750  3.61477 2.99561e-10 0.0 0.0 2.99561e-10
 3.61477  3.62206 3.02660e-10 0.0 0.0 3.02660e-10
 3.62206  3.62936 3.03591e-10 0.0 0.0 3.03591e-10
 3.62936  3.63667 3.01105e-10 0.0 0.0 3.01105e-10
 3.63667  3.64400 3.08706e-10 0.0 0.0 3.08706e-10
 3.64400  3.65134 3.17123e-10 0.0 0.0 3.17123e-10
 3.65134  3.65870 2.99869e-10 0.0 0.0 2.99869e-10
 3.65870  3.66608 2.98698e-10 0.0 0.0 2.98698e-10
 3.66608  3.67346 2.99867e-10 0.0 0.0 2.99867e-10
 3.67346  3.68087 2.96617e-10 0.0 0.0 2.96617e-10
 3.68087  3.68829 3.05501e-10 0.0 0.0 3.05501e-10
 3.68829  3.69572 3.06622e-10 0.0 0.0 3.06622e-10
 3.69572  3.70317 3.05133e-10 0.0 0.0 3.05133e-10
 3.70317  3.71063 3.11768e-10 0.0 0.0 3.11768e-10
 3.71063  3.71811 3.12925e-10 0.0 0.0 3.12925e-10
 3.71811  3.72560 3.11798e-10 0.0 0.0 3.11798e-10
 3.72560  3.73311 3.01705e-10 0.0 0.0 3.01705e-10
 3.73311  3.74063 3.02521e-10 0.0 0.0 3.02521e-10
 3.74063  3.74817 3.04897e-10 0.0 0.0 3.04897e-10
 3.74817  3.75573 3.13817e-10 0.0 0.0 3.13817e-10
 3.75573  3.76330 3.09805e-10 0.0 0.0 3.09805e-10
 3.76330  3.77088 3.13975e-10 0.0 0.0 3.13975e-10
 3.77088  3.77848 3.17567e-10 0.0 0.0 3.17567e-10
 3.77848  3.78609 3.16277e-10 0.0 0.0 3.16277e-10
 3.78609  3.79372 3.07949e-10 0.0 0.0 3.07949e-10
 3.79372  3.80137 3.04749e-10 0.0 0.0 3.04749e-10
 3.80137  3.80903 3.04407e-10 0.0 0.0 3.04407e-10
 3.80903  3.81671 3.10190e-10 0.0 0.0 3.10190e-10
 3.81671  3.82440 3.04195e-10 0.0 0.0 3.04195e-10
 3.82440  3.83211 3.06787e-10 0.0 0.0 3.06787e-10
 3.83211  3.83983 3.06350e-10 0.0 0.0 3.06350e-10
 3.83983  3.84757 3.04672e-10 0.0 0.0 3.04672e-10
 3.84757  3.85532 3.07311e-10 0.0 0.0 3.07311e-10
 3.85532  3.86309 3.05353e-10 0.0 0.0 3.05353e-10
 3.86309  3.87088 3.02369e-10 0.0 0.0 3.02369e-10
 3.87088  3.87868 3.03171e-10 0.0 0.0 3.03171e-10
 3.87868  3.88650 3.01535e-10 0.0 0.0 3.01535e-10
 3.88650  3.89433 2.95675e-10 0.0 0.0 2.95675e-10
 3.89433  3.90218 3.02787e-10 0.0 0.0 3.02787e-10
 3.90218  3.91004 2.99872e-10 0.0 0.0 2.99872e-10
 3.91004  3.91792 2.97472e-10 0.0 0.0 2.97472e-10
 3.91792  3.92582 2.97172e-10 0.0 0.0 2.97172e-10
 3.92582  3.93373 2.97611e-10 0.0 0.0 2.97611e-10
 3.93373  3.94166 3.01207e-10 0.0 0.0 3.01207e-10
 3.94166  3.94960 2.89677e-10 0.0 0.0 2.89677e-10
 3.94960  3.95756 2.80080e-10 0.0 0.0 2.80080e-10
 3.95756  3.96554 2.87161e-10 0.0 0.0 2.87161e-10
 3.96554  3.97353 2.91887e-10 0.0 0.0 2.91887e-10
 3.97353  3.98154 2.88933e-10 0.0 0.0 2.88933e-10
 3.98154  3.98956 2.87022e-10 0.0 0.0 2.87022e-10
 3.98956  3.99760 2.83169e-10 0.0 0.0 2.83169e-10
 3.99760  4.00565 2.73984e-10 0.0 0.0 2.73984e-10
 4.20399  4.21228 1.57460e-10 0.0 0.0 1.57460e-10
 4.21228  4.22082 1.57470e-10 0.0 0.0 1.57470e-10
 4.22082  4.22938 1.59357e-10 0.0 0.0 1.59357e-10
 4.22938  4.23795 1.46153e-10 0.0 0.0 1.46153e-10
 4.23795  4.24654 1.43291e-10 0.0 0.0 1.43291e-10
 4.24654  4.25515 1.45839e-10 0.0 0.0 1.45839e-10
 4.25515  4.26378 1.50564e-10 0.0 0.0 1.50564e-10
 4.26378  4.27243 1.47643e-10 0.0 0.0 1.47643e-10
 4.27243  4.28109 1.43375e-10 0.0 0.0 1.43375e-10
 4.28109  4.28977 1.43715e-10 0.0 0.0 1.43715e-10
 4.28977  4.29846 1.48877e-10 0.0 0.0 1.48877e-10
 4.29846  4.30718 1.43708e-10 0.0 0.0 1.43708e-10
 4.30718  4.31591 1.40208e-10 0.0 0.0 1.40208e-10
 4.31591  4.32466 1.39405e-10 0.0 0.0 1.39405e-10
 4.32466  4.33343 1.39885e-10 0.0 0.0 1.39885e-10
 4.33343  4.34221 1.35002e-10 0.0 0.0 1.35002e-10
 4.34221  4.35102 1.32010e-10 0.0 0.0 1.32010e-10
 4.35102  4.35984 1.27453e-10 0.0 0.0 1.27453e-10
 4.35984  4.36868 1.28750e-10 0.0 0.0 1.28750e-10
 4.36868  4.37754 1.25753e-10 0.0 0.0 1.25753e-10
 4.37754  4.38641 1.18312e-10 0.0 0.0 1.18312e-10
 4.38641  4.39530 1.21435e-10 0.0 0.0 1.21435e-10
 4.39530  4.40422 1.16154e-10 0.0 0.0 1.16154e-10
 4.40422  4.41314 1.17889e-10 0.0 0.0 1.17889e-10
 4.41314  4.42209 1.16124e-10 0.0 0.0 1.16124e-10
 4.42209  4.43106 1.07709e-10 0.0 0.0 1.07709e-10
 4.43106  4.44004 1.07079e-10 0.0 0.0 1.07079e-10
 4.44004  4.44904 1.09421e-10 0.0 0.0 1.09421e-10
 4.44904  4.45806 1.07325e-10 0.0 0.0 1.07325e-10
 4.45806  4.46710 1.04238e-10 0.0 0.0 1.04238e-10
 4.46710  4.47616 1.03159e-10 0.0 0.0 1.03159e-10
 4.47616  4.48523 9.84784e-11 0.0 0.0 9.84784e-11
 4.48523  4.49433 1.01586e-10 0.0 0.0 1.01586e-10
 4.49433  4.50344 1.00863e-10 0.0 0.0 1.00863e-10
 4.50344  4.51257 1.00478e-10 0.0 0.0 1.00478e-10
 4.51257  4.52172 9.67292e-11 0.0 0.0 9.67292e-11
 4.52172  4.53088 9.62784e-11 0.0 0.0 9.62784e-11
 4.53088  4.54007 9.73973e-11 0.0 0.0 9.73973e-11
 4.54007  4.54928 9.66234e-11 0.0 0.0 9.66234e-11
 4.54928  4.55850 9.77709e-11 0.0 0.0 9.77709e-11
 4.55850  4.56774 9.66057e-11 0.0 0.0 9.66057e-11
 4.56774  4.57700 8.78218e-11 0.0 0.0 8.78218e-11
 4.57700  4.58628 9.43891e-11 0.0 0.0 9.43891e-11
 4.58628  4.59558 9.28624e-11 0.0 0.0 9.28624e-11
 4.59558  4.60490 9.17881e-11 0.0 0.0 9.17881e-11
 4.60490  4.61423 8.65018e-11 0.0 0.0 8.65018e-11
 4.61423  4.62359 8.09589e-11 0.0 0.0 8.09589e-11
 4.62359  4.63296 9.05666e-11 0.0 0.0 9.05666e-11
 4.63296  4.64235 9.69699e-11 0.0 0.0 9.69699e-11
 4.64235  4.65177 8.70137e-11 0.0 0.0 8.70137e-11
 4.65177  4.66120 8.84296e-11 0.0 0.0 8.84296e-11
 4.66120  4.67065 9.45377e-11 0.0 0.0 9.45377e-11
 4.67065  4.68012 9.19803e-11 0.0 0.0 9.19803e-11
 4.68012  4.68961 9.61365e-11 0.0 0.0 9.61365e-11
 4.68961  4.69911 9.44497e-11 0.0 0.0 9.44497e-11
 4.69911  4.70864 8.97703e-11 0.0 0.0 8.97703e-11
 4.70864  4.71819 9.15805e-11 0.0 0.0 9.15805e-11
 4.71819  4.72775 9.08725e-11 0.0 0.0 9.08725e-11
 4.72775  4.73734 9.15180e-11 0.0 0.0 9.15180e-11
 4.73734  4.74694 9.20987e-11 0.0 0.0 9.20987e-11
 4.74694  4.75657 9.15273e-11 0.0 0.0 9.15273e-11
 4.75657  4.76621 9.05061e-11 0.0 0.0 9.05061e-11
 4.76621  4.77587 8.74196e-11 0.0 0.0 8.74196e-11
 4.77587  4.78556 8.78645e-11 0.0 0.0 8.78645e-11
 4.78556  4.79526 8.47453e-11 0.0 0.0 8.47453e-11
 4.79526  4.80498 8.97435e-11 0.0 0.0 8.97435e-11
 4.80498  4.81472 8.85834e-11 0.0 0.0 8.85834e-11
 4.81472  4.82448 9.15516e-11 0.0 0.0 9.15516e-11
 4.82448  4.83426 8.91451e-11 0.0 0.0 8.91451e-11
 4.83426  4.84407 8.49241e-11 0.0 0.0 8.49241e-11
 4.84407  4.85389 8.60028e-11 0.0 0.0 8.60028e-11
 4.85389  4.86373 8.76200e-11 0.0 0.0 8.76200e-11
 4.86373  4.87359 8.92892e-11 0.0 0.0 8.92892e-11
 4.87359  4.88347 8.73160e-11 0.0 0.0 8.73160e-11
 4.88347  4.89337 8.82167e-11 0.0 0.0 8.82167e-11
 4.89337  4.90329 8.90000e-11 0.0 0.0 8.90000e-11
 4.90329  4.91323 8.70712e-11 0.0 0.0 8.70712e-11
 4.91323  4.92319 8.05561e-11 0.0 0.0 8.05561e-11
 4.92319  4.93317 7.49887e-11 0.0 0.0 7.49887e-11
 4.93317  4.94318 7.80059e-11 0.0 0.0 7.80059e-11
 4.94318  4.95320 7.72651e-11 0.0 0.0 7.72651e-11
 4.95320  4.96324 7.91203e-11 0.0 0.0 7.91203e-11
 4.96324  4.97330 8.20136e-11 0.0 0.0 8.20136e-11
 4.97330  4.98339 8.41002e-11 0.0 0.0 8.41002e-11
 4.98339  4.99349 8.27182e-11 0.0 0.0 8.27182e-11
 4.99349  5.00361 7.81689e-11 0.0 0.0 7.81689e-11
 5.00361  5.01376 7.89118e-11 0.0 0.0 7.89118e-11
 5.01376  5.02392 8.17106e-11 0.0 0.0 8.17106e-11
 5.02392  5.03411 8.39191e-11 0.0 0.0 8.39191e-11
 5.03411  5.04431 8.39834e-11 0.0 0.0 8.39834e-11
 5.04431  5.05454 8.23735e-11 0.0 0.0 8.23735e-11
 5.05454  5.06479 8.49974e-11 0.0 0.0 8.49974e-11
 5.06479  5.07506 8.29000e-11 0.0 0.0 8.29000e-11
 5.07506  5.08535 8.43164e-11 0.0 0.0 8.43164e-11
 5.08535  5.09566 8.52320e-11 0.0 0.0 8.52320e-11
 5.09566  5.10599 8.59734e-11 0.0 0.0 8.59734e-11
 5.10599  5.11634 8.00417e-11 0.0 0.0 8.00417e-11
 5.11634  5.12671 7.87632e-11 0.0 0.0 7.87632e-11
 5.12671  5.13711 8.09242e-11 0.0 0.0 8.09242e-11
 5.13711  5.14752 7.70569e-11 0.0 0.0 7.70569e-11
 5.14752  5.15796 7.85921e-11 0.0 0.0 7.85921e-11
 5.15796  5.16841 8.11443e-11 0.0 0.0 8.11443e-11
 5.16841  5.17889 7.89382e-11 0.0 0.0 7.89382e-11
 5.17889  5.18939 7.69342e-11 0.0 0.0 7.69342e-11
 5.18939  5.19991 7.73859e-11 0.0 0.0 7.73859e-11
 5.19991  5.21046 7.55366e-11 0.0 0.0 7.55366e-11
 5.21046  5.22102 7.87515e-11 0.0 0.0 7.87515e-11
 5.22102  5.23161 8.04668e-11 0.0 0.0 8.04668e-11
 5.23161  5.24221 7.80446e-11 0.0 0.0 7.80446e-11
 5.24221  5.25284 7.70351e-11 0.0 0.0 7.70351e-11
 5.25284  5.26348 7.92341e-11 0.0 0.0 7.92341e-11
