 0.60939  0.61061 1.12341e-10 0.0 0.0 1.12341e-10
 0.61061  0.61183 1.12808e-10 0.0 0.0 1.12808e-10
 0.61183  0.61306 1.13276e-10 0.0 0.0 1.13276e-10
 0.61306  0.61429 1.13745e-10 0.0 0.0 1.13745e-10
 0.61429  0.61552 1.14215e-10 0.0 0.0 1.14215e-10
 0.61552  0.61675 1.14687e-10 0.0 0.0 1.14687e-10
 0.61675  0.61798 1.15159e-10 0.0 0.0 1.15159e-10
 0.61798  0.61922 1.15631e-10 0.0 0.0 1.15631e-10
 0.61922  0.62046 1.16103e-10 0.0 0.0 1.16103e-10
 0.62046  0.62170 1.16576e-10 0.0 0.0 1.16576e-10
 0.62170  0.62295 1.17050e-10 0.0 0.0 1.17050e-10
 0.62295  0.62419 1.17526e-10 0.0 0.0 1.17526e-10
 0.62419  0.62544 1.18002e-10 0.0 0.0 1.18002e-10
 0.62544  0.62669 1.18480e-10 0.0 0.0 1.18480e-10
 0.62669  0.62795 1.18959e-10 0.0 0.0 1.18959e-10
 0.62795  0.62921 1.19439e-10 0.0 0.0 1.19439e-10
 0.62921  0.63047 1.19921e-10 0.0 0.0 1.19921e-10
 0.63047  0.63173 1.20403e-10 0.0 0.0 1.20403e-10
 0.63173  0.63299 1.20887e-10 0.0 0.0 1.20887e-10
 0.63299  0.63426 1.21372e-10 0.0 0.0 1.21372e-10
 0.63426  0.63553 1.21858e-10 0.0 0.0 1.21858e-10
 0.63553  0.63680 1.22345e-10 0.0 0.0 1.22345e-10
 0.63680  0.63808 1.22833e-10 0.0 0.0 1.22833e-10
 0.63808  0.63935 1.23323e-10 0.0 0.0 1.23323e-10
 0.63935  0.64063 1.23814e-10 0.0 0.0 1.23814e-10
 0.64063  0.64192 1.24305e-10 0.0 0.0 1.24305e-10
 0.64192  0.64320 1.24798e-10 0.0 0.0 1.24798e-10
 0.64320  0.64449 1.25293e-10 0.0 0.0 1.25293e-10
 0.64449  0.64578 1.25788e-10 0.0 0.0 1.25788e-10
 0.64578  0.64707 1.26285e-10 0.0 0.0 1.26285e-10
 0.64707  0.64837 1.26782e-10 0.0 0.0 1.26782e-10
 0.64837  0.64967 1.27281e-10 0.0 0.0 1.27281e-10
 0.64967  0.65097 1.27781e-10 0.0 0.0 1.27781e-10
 0.65097  0.65227 1.28282e-10 0.0 0.0 1.28282e-10
 0.65227  0.65358 1.28785e-10 0.0 0.0 1.28785e-10
 0.65358  0.65488 1.29288e-10 0.0 0.0 1.29288e-10
 0.65488  0.65620 1.29793e-10 0.0 0.0 1.29793e-10
 0.65620  0.65751 1.30298e-10 0.0 0.0 1.30298e-10
 0.65751  0.65883 1.30805e-10 0.0 0.0 1.30805e-10
 0.65883  0.66014 1.31313e-10 0.0 0.0 1.31313e-10
 0.66014  0.66147 1.31822e-10 0.0 0.0 1.31822e-10
 0.66147  0.66279 1.32333e-10 0.0 0.0 1.32333e-10
 0.66279  0.66412 1.32844e-10 0.0 0.0 1.32844e-10
 0.66412  0.66545 1.33357e-10 0.0 0.0 1.33357e-10
 0.66545  0.66678 1.33870e-10 0.0 0.0 1.33870e-10
 0.66678  0.66811 1.34385e-10 0.0 0.0 1.34385e-10
 0.66811  0.66945 1.34901e-10 0.0 0.0 1.34901e-10
 0.66945  0.67079 1.35418e-10 0.0 0.0 1.35418e-10
 0.67079  0.67214 1.35936e-10 0.0 0.0 1.35936e-10
 0.67214  0.67348 1.36456e-10 0.0 0.0 1.36456e-10
 0.67348  0.67483 1.36976e-10 0.0 0.0 1.36976e-10
 0.67483  0.67618 1.37498e-10 0.0 0.0 1.37498e-10
 0.67618  0.67753 1.38021e-10 0.0 0.0 1.38021e-10
 0.67753  0.67889 1.38544e-10 0.0 0.0 1.38544e-10
 0.67889  0.68025 1.39069e-10 0.0 0.0 1.39069e-10
 0.68025  0.68161 1.39595e-10 0.0 0.0 1.39595e-10
 0.68161  0.68298 1.40122e-10 0.0 0.0 1.40122e-10
 0.68298  0.68434 1.40651e-10 0.0 0.0 1.40651e-10
 0.68434  0.68571 1.41180e-10 0.0 0.0 1.41180e-10
 0.68571  0.68709 1.41710e-10 0.0 0.0 1.41710e-10
 0.68709  0.68846 1.42242e-10 0.0 0.0 1.42242e-10
 0.68846  0.68984 1.42774e-10 0.0 0.0 1.42774e-10
 0.68984  0.69122 1.43308e-10 0.0 0.0 1.43308e-10
 0.69122  0.69260 1.43843e-10 0.0 0.0 1.43843e-10
 0.69260  0.69399 1.44379e-10 0.0 0.0 1.44379e-10
 0.69399  0.69538 1.44916e-10 0.0 0.0 1.44916e-10
 0.69538  0.69677 1.45454e-10 0.0 0.0 1.45454e-10
 0.69677  0.69817 1.45993e-10 0.0 0.0 1.45993e-10
 0.69817  0.69957 1.46533e-10 0.0 0.0 1.46533e-10
 0.69957  0.70097 1.47074e-10 0.0 0.0 1.47074e-10
 0.70097  0.70237 1.47617e-10 0.0 0.0 1.47617e-10
 0.70237  0.70378 1.48160e-10 0.0 0.0 1.48160e-10
 0.70378  0.70518 1.48704e-10 0.0 0.0 1.48704e-10
 0.70518  0.70660 1.49250e-10 0.0 0.0 1.49250e-10
 0.70660  0.70801 1.49797e-10 0.0 0.0 1.49797e-10
 0.70801  0.70943 1.50344e-10 0.0 0.0 1.50344e-10
 0.70943  0.71085 1.50893e-10 0.0 0.0 1.50893e-10
 0.71085  0.71227 1.51443e-10 0.0 0.0 1.51443e-10
 0.71227  0.71370 1.51993e-10 0.0 0.0 1.51993e-10
 0.71370  0.71513 1.52545e-10 0.0 0.0 1.52545e-10
 0.71513  0.71656 1.53098e-10 0.0 0.0 1.53098e-10
 0.71656  0.71799 1.53652e-10 0.0 0.0 1.53652e-10
 0.71799  0.71943 1.54207e-10 0.0 0.0 1.54207e-10
 0.71943  0.72087 1.54763e-10 0.0 0.0 1.54763e-10
 0.72087  0.72231 1.55320e-10 0.0 0.0 1.55320e-10
 0.72231  0.72376 1.55878e-10 0.0 0.0 1.55878e-10
 0.72376  0.72521 1.56437e-10 0.0 0.0 1.56437e-10
 0.72521  0.72666 1.56997e-10 0.0 0.0 1.56997e-10
 0.72666  0.72812 1.57558e-10 0.0 0.0 1.57558e-10
 0.72812  0.72957 1.58120e-10 0.0 0.0 1.58120e-10
 0.72957  0.73103 1.58683e-10 0.0 0.0 1.58683e-10
 0.73103  0.73250 1.59247e-10 0.0 0.0 1.59247e-10
 0.73250  0.73396 1.59812e-10 0.0 0.0 1.59812e-10
 0.73396  0.73543 1.60378e-10 0.0 0.0 1.60378e-10
 0.73543  0.73691 1.60945e-10 0.0 0.0 1.60945e-10
 0.73691  0.73838 1.61513e-10 0.0 0.0 1.61513e-10
 0.73838  0.73986 1.62082e-10 0.0 0.0 1.62082e-10
 0.73986  0.74134 1.62652e-10 0.0 0.0 1.62652e-10
 0.74134  0.74282 1.63223e-10 0.0 0.0 1.63223e-10
 0.74282  0.74431 1.63795e-10 0.0 0.0 1.63795e-10
 0.74431  0.74580 1.64368e-10 0.0 0.0 1.64368e-10
 0.74580  0.74729 1.64942e-10 0.0 0.0 1.64942e-10
 0.74729  0.74879 1.65517e-10 0.0 0.0 1.65517e-10
 0.74879  0.75029 1.66093e-10 0.0 0.0 1.66093e-10
 0.75029  0.75179 1.66670e-10 0.0 0.0 1.66670e-10
 0.75179  0.75330 1.67247e-10 0.0 0.0 1.67247e-10
 0.75330  0.75481 1.67826e-10 0.0 0.0 1.67826e-10
 0.75481  0.75632 1.68406e-10 0.0 0.0 1.68406e-10
 0.75632  0.75783 1.68986e-10 0.0 0.0 1.68986e-10
 0.75783  0.75935 1.69568e-10 0.0 0.0 1.69568e-10
 0.75935  0.76087 1.70150e-10 0.0 0.0 1.70150e-10
 0.76087  0.76239 1.70733e-10 0.0 0.0 1.70733e-10
 0.76239  0.76392 1.71318e-10 0.0 0.0 1.71318e-10
 0.76392  0.76545 1.71903e-10 0.0 0.0 1.71903e-10
 0.76545  0.76698 1.72489e-10 0.0 0.0 1.72489e-10
 0.76698  0.76851 1.73076e-10 0.0 0.0 1.73076e-10
 0.76851  0.77005 1.73664e-10 0.0 0.0 1.73664e-10
 0.77005  0.77159 1.74253e-10 0.0 0.0 1.74253e-10
 0.77159  0.77314 1.74842e-10 0.0 0.0 1.74842e-10
 0.77314  0.77469 1.75433e-10 0.0 0.0 1.75433e-10
 0.77469  0.77624 1.76025e-10 0.0 0.0 1.76025e-10
 0.77624  0.77779 1.76617e-10 0.0 0.0 1.76617e-10
 0.77779  0.77935 1.77210e-10 0.0 0.0 1.77210e-10
 0.77935  0.78091 1.77804e-10 0.0 0.0 1.77804e-10
 0.78091  0.78247 1.78400e-10 0.0 0.0 1.78400e-10
 0.78247  0.78404 1.78995e-10 0.0 0.0 1.78995e-10
 0.78404  0.78561 1.79592e-10 0.0 0.0 1.79592e-10
 0.78561  0.78718 1.80190e-10 0.0 0.0 1.80190e-10
 0.78718  0.78876 1.80788e-10 0.0 0.0 1.80788e-10
 0.78876  0.79034 1.81388e-10 0.0 0.0 1.81388e-10
 0.79034  0.79192 1.81988e-10 0.0 0.0 1.81988e-10
 0.79192  0.79350 1.82589e-10 0.0 0.0 1.82589e-10
 0.79350  0.79509 1.83191e-10 0.0 0.0 1.83191e-10
 0.79509  0.79669 1.83793e-10 0.0 0.0 1.83793e-10
 0.79669  0.79828 1.84397e-10 0.0 0.0 1.84397e-10
 0.79828  0.79988 1.85001e-10 0.0 0.0 1.85001e-10
 0.79988  0.80148 1.85606e-10 0.0 0.0 1.85606e-10
 0.80148  0.80308 1.86212e-10 0.0 0.0 1.86212e-10
 0.80308  0.80469 1.86819e-10 0.0 0.0 1.86819e-10
 0.80469  0.80630 1.87427e-10 0.0 0.0 1.87427e-10
 0.80630  0.80792 1.88035e-10 0.0 0.0 1.88035e-10
 0.80792  0.80953 1.88644e-10 0.0 0.0 1.88644e-10
 0.80953  0.81116 1.89254e-10 0.0 0.0 1.89254e-10
 0.81116  0.81278 1.89865e-10 0.0 0.0 1.89865e-10
 0.81278  0.81441 1.90476e-10 0.0 0.0 1.90476e-10
 0.81441  0.81604 1.91089e-10 0.0 0.0 1.91089e-10
 0.81604  0.81767 1.91702e-10 0.0 0.0 1.91702e-10
 0.81767  0.81931 1.92315e-10 0.0 0.0 1.92315e-10
 0.81931  0.82095 1.92930e-10 0.0 0.0 1.92930e-10
 0.82095  0.82259 1.93545e-10 0.0 0.0 1.93545e-10
 0.82259  0.82424 1.94161e-10 0.0 0.0 1.94161e-10
 0.82424  0.82589 1.94778e-10 0.0 0.0 1.94778e-10
 0.82589  0.82754 1.95396e-10 0.0 0.0 1.95396e-10
 0.82754  0.82920 1.96014e-10 0.0 0.0 1.96014e-10
 0.82920  0.83086 1.96633e-10 0.0 0.0 1.96633e-10
 0.83086  0.83252 1.97253e-10 0.0 0.0 1.97253e-10
 0.83252  0.83419 1.97873e-10 0.0 0.0 1.97873e-10
 0.83419  0.83586 1.98494e-10 0.0 0.0 1.98494e-10
 0.83586  0.83753 1.99116e-10 0.0 0.0 1.99116e-10
 0.83753  0.83921 1.99739e-10 0.0 0.0 1.99739e-10
 0.83921  0.84089 2.00362e-10 0.0 0.0 2.00362e-10
 0.84089  0.84257 2.00986e-10 0.0 0.0 2.00986e-10
 0.84257  0.84426 2.01610e-10 0.0 0.0 2.01610e-10
 0.84426  0.84595 2.02236e-10 0.0 0.0 2.02236e-10
 0.84595  0.84764 2.02862e-10 0.0 0.0 2.02862e-10
 0.84764  0.84934 2.03488e-10 0.0 0.0 2.03488e-10
 0.84934  0.85104 2.04115e-10 0.0 0.0 2.04115e-10
 0.85104  0.85274 2.04743e-10 0.0 0.0 2.04743e-10
 0.85274  0.85445 2.05372e-10 0.0 0.0 2.05372e-10
 0.85445  0.85616 2.06001e-10 0.0 0.0 2.06001e-10
 0.85616  0.85788 2.06631e-10 0.0 0.0 2.06631e-10
 0.85788  0.85959 2.07261e-10 0.0 0.0 2.07261e-10
 0.85959  0.86131 2.07893e-10 0.0 0.0 2.07893e-10
 0.86131  0.86304 2.08524e-10 0.0 0.0 2.08524e-10
 0.86304  0.86477 2.09157e-10 0.0 0.0 2.09157e-10
 0.86477  0.86650 2.09789e-10 0.0 0.0 2.09789e-10
 0.86650  0.86823 2.10423e-10 0.0 0.0 2.10423e-10
 0.86823  0.86997 2.11057e-10 0.0 0.0 2.11057e-10
 0.86997  0.87171 2.11692e-10 0.0 0.0 2.11692e-10
 0.87171  0.87346 2.12327e-10 0.0 0.0 2.12327e-10
 0.87346  0.87521 2.12963e-10 0.0 0.0 2.12963e-10
 0.87521  0.87696 2.13599e-10 0.0 0.0 2.13599e-10
 0.87696  0.87871 2.14236e-10 0.0 0.0 2.14236e-10
 0.87871  0.88047 2.14874e-10 0.0 0.0 2.14874e-10
 0.88047  0.88224 2.15512e-10 0.0 0.0 2.15512e-10
 0.88224  0.88400 2.16151e-10 0.0 0.0 2.16151e-10
 0.88400  0.88577 2.16790e-10 0.0 0.0 2.16790e-10
 0.88577  0.88755 2.17430e-10 0.0 0.0 2.17430e-10
 0.88755  0.88932 2.18070e-10 0.0 0.0 2.18070e-10
 0.88932  0.89110 2.18711e-10 0.0 0.0 2.18711e-10
 0.89110  0.89289 2.19352e-10 0.0 0.0 2.19352e-10
 0.89289  0.89467 2.19994e-10 0.0 0.0 2.19994e-10
 0.89467  0.89647 2.20636e-10 0.0 0.0 2.20636e-10
 0.89647  0.89826 2.21279e-10 0.0 0.0 2.21279e-10
 0.89826  0.90006 2.21922e-10 0.0 0.0 2.21922e-10
 0.90006  0.90186 2.22566e-10 0.0 0.0 2.22566e-10
 0.90186  0.90367 2.23210e-10 0.0 0.0 2.23210e-10
 0.90367  0.90547 2.23855e-10 0.0 0.0 2.23855e-10
 0.90547  0.90729 2.24500e-10 0.0 0.0 2.24500e-10
 0.90729  0.90910 2.25146e-10 0.0 0.0 2.25146e-10
 0.90910  0.91092 2.25792e-10 0.0 0.0 2.25792e-10
 0.91092  0.91275 2.26438e-10 0.0 0.0 2.26438e-10
 0.91275  0.91457 2.27085e-10 0.0 0.0 2.27085e-10
 0.91457  0.91641 2.27732e-10 0.0 0.0 2.27732e-10
 0.91641  0.91824 2.28380e-10 0.0 0.0 2.28380e-10
 0.91824  0.92008 2.29028e-10 0.0 0.0 2.29028e-10
 0.92008  0.92192 2.29677e-10 0.0 0.0 2.29677e-10
 0.92192  0.92377 2.30326e-10 0.0 0.0 2.30326e-10
 0.92377  0.92562 2.30975e-10 0.0 0.0 2.30975e-10
 0.92562  0.92747 2.31625e-10 0.0 0.0 2.31625e-10
 0.92747  0.92933 2.32275e-10 0.0 0.0 2.32275e-10
 0.92933  0.93119 2.32926e-10 0.0 0.0 2.32926e-10
 0.93119  0.93305 2.33577e-10 0.0 0.0 2.33577e-10
 0.93305  0.93492 2.34228e-10 0.0 0.0 2.34228e-10
 0.93492  0.93679 2.34880e-10 0.0 0.0 2.34880e-10
 0.93679  0.93867 2.35532e-10 0.0 0.0 2.35532e-10
 0.93867  0.94054 2.36184e-10 0.0 0.0 2.36184e-10
 0.94054  0.94243 2.36837e-10 0.0 0.0 2.36837e-10
 0.94243  0.94431 2.37489e-10 0.0 0.0 2.37489e-10
 0.94431  0.94621 2.38143e-10 0.0 0.0 2.38143e-10
 0.94621  0.94810 2.38796e-10 0.0 0.0 2.38796e-10
 0.94810  0.95000 2.39450e-10 0.0 0.0 2.39450e-10
 0.95000  0.95190 2.40104e-10 0.0 0.0 2.40104e-10
 0.95190  0.95381 2.40759e-10 0.0 0.0 2.40759e-10
 0.95381  0.95571 2.41414e-10 0.0 0.0 2.41414e-10
 0.95571  0.95763 2.42069e-10 0.0 0.0 2.42069e-10
 0.95763  0.95955 2.42724e-10 0.0 0.0 2.42724e-10
 0.95955  0.96147 2.43379e-10 0.0 0.0 2.43379e-10
 0.96147  0.96339 2.44035e-10 0.0 0.0 2.44035e-10
 0.96339  0.96532 2.44691e-10 0.0 0.0 2.44691e-10
 0.96532  0.96725 2.45347e-10 0.0 0.0 2.45347e-10
 0.96725  0.96919 2.46004e-10 0.0 0.0 2.46004e-10
 0.96919  0.97113 2.46661e-10 0.0 0.0 2.46661e-10
 0.97113  0.97307 2.47318e-10 0.0 0.0 2.47318e-10
 0.97307  0.97502 2.47975e-10 0.0 0.0 2.47975e-10
 0.97502  0.97697 2.48632e-10 0.0 0.0 2.48632e-10
 0.97697  0.97893 2.49290e-10 0.0 0.0 2.49290e-10
 0.97893  0.98089 2.49947e-10 0.0 0.0 2.49947e-10
 0.98089  0.98285 2.50605e-10 0.0 0.0 2.50605e-10
 0.98285  0.98482 2.51263e-10 0.0 0.0 2.51263e-10
 0.98482  0.98679 2.51921e-10 0.0 0.0 2.51921e-10
 0.98679  0.98877 2.52580e-10 0.0 0.0 2.52580e-10
 0.98877  0.99075 2.53238e-10 0.0 0.0 2.53238e-10
 0.99075  0.99273 2.53897e-10 0.0 0.0 2.53897e-10
 0.99273  0.99472 2.54556e-10 0.0 0.0 2.54556e-10
 0.99472  0.99671 2.55215e-10 0.0 0.0 2.55215e-10
 0.99671  0.99871 2.55874e-10 0.0 0.0 2.55874e-10
 0.99871  1.00070 2.56533e-10 0.0 0.0 2.56533e-10
 1.00070  1.00271 2.57192e-10 0.0 0.0 2.57192e-10
 1.00271  1.00472 2.57851e-10 0.0 0.0 2.57851e-10
 1.00472  1.00673 2.58511e-10 0.0 0.0 2.58511e-10
 1.00673  1.00874 2.59170e-10 0.0 0.0 2.59170e-10
 1.00874  1.01076 2.59830e-10 0.0 0.0 2.59830e-10
 1.01076  1.01279 2.60489e-10 0.0 0.0 2.60489e-10
 1.01279  1.01481 2.61149e-10 0.0 0.0 2.61149e-10
 1.01481  1.01684 2.61808e-10 0.0 0.0 2.61808e-10
 1.01684  1.01888 2.62468e-10 0.0 0.0 2.62468e-10
 1.01888  1.02092 2.63128e-10 0.0 0.0 2.63128e-10
 1.02092  1.02296 2.63788e-10 0.0 0.0 2.63788e-10
 1.02296  1.02501 2.64447e-10 0.0 0.0 2.64447e-10
 1.02501  1.02706 2.65107e-10 0.0 0.0 2.65107e-10
 1.02706  1.02912 2.65767e-10 0.0 0.0 2.65767e-10
 1.02912  1.03118 2.66427e-10 0.0 0.0 2.66427e-10
 1.03118  1.03324 2.67086e-10 0.0 0.0 2.67086e-10
 1.03324  1.03531 2.67746e-10 0.0 0.0 2.67746e-10
 1.03531  1.03739 2.68406e-10 0.0 0.0 2.68406e-10
 1.03739  1.03946 2.69065e-10 0.0 0.0 2.69065e-10
 1.03946  1.04154 2.69725e-10 0.0 0.0 2.69725e-10
 1.04154  1.04363 2.70384e-10 0.0 0.0 2.70384e-10
 1.04363  1.04572 2.71044e-10 0.0 0.0 2.71044e-10
 1.04572  1.04781 2.71703e-10 0.0 0.0 2.71703e-10
 1.04781  1.04991 2.72363e-10 0.0 0.0 2.72363e-10
 1.04991  1.05201 2.73022e-10 0.0 0.0 2.73022e-10
 1.05201  1.05412 2.73681e-10 0.0 0.0 2.73681e-10
 1.05412  1.05623 2.74340e-10 0.0 0.0 2.74340e-10
 1.05623  1.05834 2.74999e-10 0.0 0.0 2.74999e-10
 1.05834  1.06046 2.75657e-10 0.0 0.0 2.75657e-10
 1.06046  1.06258 2.76316e-10 0.0 0.0 2.76316e-10
 1.06258  1.06471 2.76974e-10 0.0 0.0 2.76974e-10
 1.06471  1.06684 2.77632e-10 0.0 0.0 2.77632e-10
 1.06684  1.06898 2.78291e-10 0.0 0.0 2.78291e-10
 1.06898  1.07112 2.78948e-10 0.0 0.0 2.78948e-10
 1.07112  1.07326 2.79606e-10 0.0 0.0 2.79606e-10
 1.07326  1.07541 2.80264e-10 0.0 0.0 2.80264e-10
 1.07541  1.07757 2.80921e-10 0.0 0.0 2.80921e-10
 1.07757  1.07972 2.81578e-10 0.0 0.0 2.81578e-10
 1.07972  1.08188 2.82235e-10 0.0 0.0 2.82235e-10
 1.08188  1.08405 2.82892e-10 0.0 0.0 2.82892e-10
 1.08405  1.08622 2.83548e-10 0.0 0.0 2.83548e-10
 1.08622  1.08840 2.84205e-10 0.0 0.0 2.84205e-10
 1.08840  1.09057 2.84861e-10 0.0 0.0 2.84861e-10
 1.09057  1.09276 2.85516e-10 0.0 0.0 2.85516e-10
 1.09276  1.09495 2.86172e-10 0.0 0.0 2.86172e-10
 1.09495  1.09714 2.86827e-10 0.0 0.0 2.86827e-10
 1.09714  1.09933 2.87482e-10 0.0 0.0 2.87482e-10
 1.09933  1.10153 2.88137e-10 0.0 0.0 2.88137e-10
 1.10153  1.10374 2.88791e-10 0.0 0.0 2.88791e-10
 1.10374  1.10595 2.89445e-10 0.0 0.0 2.89445e-10
 1.10595  1.10816 2.90099e-10 0.0 0.0 2.90099e-10
 1.10816  1.11038 2.90752e-10 0.0 0.0 2.90752e-10
 1.11038  1.11261 2.91405e-10 0.0 0.0 2.91405e-10
 1.11261  1.11483 2.92058e-10 0.0 0.0 2.92058e-10
 1.11483  1.11706 2.92710e-10 0.0 0.0 2.92710e-10
 1.11706  1.11930 2.93362e-10 0.0 0.0 2.93362e-10
 1.11930  1.12154 2.94014e-10 0.0 0.0 2.94014e-10
 1.12154  1.12379 2.94665e-10 0.0 0.0 2.94665e-10
 1.12379  1.12604 2.95316e-10 0.0 0.0 2.95316e-10
 1.12604  1.12829 2.95966e-10 0.0 0.0 2.95966e-10
 1.12829  1.13055 2.96616e-10 0.0 0.0 2.96616e-10
 1.13055  1.13281 2.97266e-10 0.0 0.0 2.97266e-10
 1.13281  1.13508 2.97915e-10 0.0 0.0 2.97915e-10
 1.13508  1.13735 2.98564e-10 0.0 0.0 2.98564e-10
 1.13735  1.13963 2.99212e-10 0.0 0.0 2.99212e-10
 1.13963  1.14191 2.99860e-10 0.0 0.0 2.99860e-10
 1.14191  1.14420 3.00508e-10 0.0 0.0 3.00508e-10
 1.14420  1.14649 3.01155e-10 0.0 0.0 3.01155e-10
 1.14649  1.14878 3.01801e-10 0.0 0.0 3.01801e-10
 1.14878  1.15108 3.02447e-10 0.0 0.0 3.02447e-10
 1.15108  1.15339 3.03093e-10 0.0 0.0 3.03093e-10
 1.15339  1.15570 3.03738e-10 0.0 0.0 3.03738e-10
 1.15570  1.15801 3.04382e-10 0.0 0.0 3.04382e-10
 1.15801  1.16033 3.05026e-10 0.0 0.0 3.05026e-10
 1.16033  1.16265 3.05670e-10 0.0 0.0 3.05670e-10
 1.16265  1.16498 3.06313e-10 0.0 0.0 3.06313e-10
 1.16498  1.16731 3.06955e-10 0.0 0.0 3.06955e-10
 1.16731  1.16965 3.07597e-10 0.0 0.0 3.07597e-10
 1.16965  1.17199 3.08238e-10 0.0 0.0 3.08238e-10
 1.17199  1.17434 3.08879e-10 0.0 0.0 3.08879e-10
 1.17434  1.17669 3.09519e-10 0.0 0.0 3.09519e-10
 1.17669  1.17904 3.10158e-10 0.0 0.0 3.10158e-10
 1.17904  1.18140 3.10797e-10 0.0 0.0 3.10797e-10
 1.18140  1.18377 3.11435e-10 0.0 0.0 3.11435e-10
 1.18377  1.18614 3.12073e-10 0.0 0.0 3.12073e-10
 1.18614  1.18851 3.12710e-10 0.0 0.0 3.12710e-10
 1.18851  1.19089 3.13346e-10 0.0 0.0 3.13346e-10
 1.19089  1.19328 3.13982e-10 0.0 0.0 3.13982e-10
 1.19328  1.19567 3.14617e-10 0.0 0.0 3.14617e-10
 1.19567  1.19806 3.15252e-10 0.0 0.0 3.15252e-10
 1.19806  1.20046 3.15885e-10 0.0 0.0 3.15885e-10
 1.20046  1.20286 3.16518e-10 0.0 0.0 3.16518e-10
 1.20286  1.20527 3.17151e-10 0.0 0.0 3.17151e-10
 1.20527  1.20768 3.17782e-10 0.0 0.0 3.17782e-10
 1.20768  1.21010 3.18413e-10 0.0 0.0 3.18413e-10
 1.21010  1.21252 3.19044e-10 0.0 0.0 3.19044e-10
 1.21252  1.21495 3.19673e-10 0.0 0.0 3.19673e-10
 1.21495  1.21738 3.20302e-10 0.0 0.0 3.20302e-10
 1.21738  1.21982 3.20930e-10 0.0 0.0 3.20930e-10
 1.21982  1.22226 3.21557e-10 0.0 0.0 3.21557e-10
 1.22226  1.22471 3.22184e-10 0.0 0.0 3.22184e-10
 1.22471  1.22716 3.22809e-10 0.0 0.0 3.22809e-10
 1.22716  1.22962 3.23434e-10 0.0 0.0 3.23434e-10
 1.22962  1.23208 3.24058e-10 0.0 0.0 3.24058e-10
 1.23208  1.23455 3.24682e-10 0.0 0.0 3.24682e-10
 1.23455  1.23702 3.25304e-10 0.0 0.0 3.25304e-10
 1.23702  1.23950 3.25926e-10 0.0 0.0 3.25926e-10
 1.23950  1.24198 3.26547e-10 0.0 0.0 3.26547e-10
 1.24198  1.24446 3.27167e-10 0.0 0.0 3.27167e-10
 1.24446  1.24695 3.27786e-10 0.0 0.0 3.27786e-10
 1.24695  1.24945 3.28404e-10 0.0 0.0 3.28404e-10
 1.24945  1.25195 3.29022e-10 0.0 0.0 3.29022e-10
 1.25195  1.25446 3.29638e-10 0.0 0.0 3.29638e-10
 1.25446  1.25697 3.30254e-10 0.0 0.0 3.30254e-10
 1.25697  1.25949 3.30869e-10 0.0 0.0 3.30869e-10
 1.25949  1.26201 3.31483e-10 0.0 0.0 3.31483e-10
 1.26201  1.26453 3.32096e-10 0.0 0.0 3.32096e-10
 1.26453  1.26707 3.32708e-10 0.0 0.0 3.32708e-10
 1.26707  1.26960 3.33319e-10 0.0 0.0 3.33319e-10
 1.26960  1.27214 3.33929e-10 0.0 0.0 3.33929e-10
 1.27214  1.27469 3.34538e-10 0.0 0.0 3.34538e-10
 1.27469  1.27724 3.35147e-10 0.0 0.0 3.35147e-10
 1.27724  1.27980 3.35754e-10 0.0 0.0 3.35754e-10
 1.27980  1.28236 3.36360e-10 0.0 0.0 3.36360e-10
 1.28236  1.28493 3.36966e-10 0.0 0.0 3.36966e-10
 1.28493  1.28750 3.37570e-10 0.0 0.0 3.37570e-10
 1.28750  1.29008 3.38173e-10 0.0 0.0 3.38173e-10
 1.29008  1.29266 3.38776e-10 0.0 0.0 3.38776e-10
 1.29266  1.29525 3.39377e-10 0.0 0.0 3.39377e-10
 1.29525  1.29784 3.39977e-10 0.0 0.0 3.39977e-10
 1.29784  1.30044 3.40576e-10 0.0 0.0 3.40576e-10
 1.30044  1.30305 3.41175e-10 0.0 0.0 3.41175e-10
 1.30305  1.30565 3.41772e-10 0.0 0.0 3.41772e-10
 1.30565  1.30827 3.42368e-10 0.0 0.0 3.42368e-10
 1.30827  1.31089 3.42963e-10 0.0 0.0 3.42963e-10
 1.31089  1.31351 3.43557e-10 0.0 0.0 3.43557e-10
 1.31351  1.31614 3.44149e-10 0.0 0.0 3.44149e-10
 1.31614  1.31878 3.44741e-10 0.0 0.0 3.44741e-10
 1.31878  1.32142 3.45332e-10 0.0 0.0 3.45332e-10
 1.32142  1.32406 3.45921e-10 0.0 0.0 3.45921e-10
 1.32406  1.32671 3.46509e-10 0.0 0.0 3.46509e-10
 1.32671  1.32937 3.47097e-10 0.0 0.0 3.47097e-10
 1.32937  1.33203 3.47683e-10 0.0 0.0 3.47683e-10
 1.33203  1.33470 3.48268e-10 0.0 0.0 3.48268e-10
 1.33470  1.33737 3.48851e-10 0.0 0.0 3.48851e-10
 1.33737  1.34005 3.49434e-10 0.0 0.0 3.49434e-10
 1.34005  1.34273 3.50015e-10 0.0 0.0 3.50015e-10
 1.34273  1.34542 3.50595e-10 0.0 0.0 3.50595e-10
 1.34542  1.34811 3.51174e-10 0.0 0.0 3.51174e-10
 1.34811  1.35081 3.51752e-10 0.0 0.0 3.51752e-10
 1.35081  1.35351 3.52328e-10 0.0 0.0 3.52328e-10
 1.35351  1.35622 3.52904e-10 0.0 0.0 3.52904e-10
 1.35622  1.35894 3.53478e-10 0.0 0.0 3.53478e-10
 1.35894  1.36166 3.54051e-10 0.0 0.0 3.54051e-10
 1.36166  1.36439 3.54622e-10 0.0 0.0 3.54622e-10
 1.36439  1.36712 3.55192e-10 0.0 0.0 3.55192e-10
 1.36712  1.36985 3.55761e-10 0.0 0.0 3.55761e-10
 1.36985  1.37260 3.56329e-10 0.0 0.0 3.56329e-10
 1.37260  1.37534 3.56895e-10 0.0 0.0 3.56895e-10
 1.37534  1.37810 3.57460e-10 0.0 0.0 3.57460e-10
 1.37810  1.38086 3.58024e-10 0.0 0.0 3.58024e-10
 1.38086  1.38362 3.58587e-10 0.0 0.0 3.58587e-10
 1.38362  1.38639 3.59148e-10 0.0 0.0 3.59148e-10
 1.38639  1.38917 3.59708e-10 0.0 0.0 3.59708e-10
 1.38917  1.39195 3.60266e-10 0.0 0.0 3.60266e-10
 1.39195  1.39473 3.60823e-10 0.0 0.0 3.60823e-10
 1.39473  1.39753 3.61379e-10 0.0 0.0 3.61379e-10
 1.39753  1.40032 3.61933e-10 0.0 0.0 3.61933e-10
 1.40032  1.40313 3.62486e-10 0.0 0.0 3.62486e-10
 1.40313  1.40594 3.63038e-10 0.0 0.0 3.63038e-10
 1.40594  1.40875 3.63588e-10 0.0 0.0 3.63588e-10
 1.40875  1.41157 3.64136e-10 0.0 0.0 3.64136e-10
 1.41157  1.41440 3.64684e-10 0.0 0.0 3.64684e-10
 1.41440  1.41723 3.65230e-10 0.0 0.0 3.65230e-10
 1.41723  1.42007 3.65774e-10 0.0 0.0 3.65774e-10
 1.42007  1.42291 3.66317e-10 0.0 0.0 3.66317e-10
 1.42291  1.42576 3.66859e-10 0.0 0.0 3.66859e-10
 1.42576  1.42861 3.67399e-10 0.0 0.0 3.67399e-10
 1.42861  1.43147 3.67937e-10 0.0 0.0 3.67937e-10
 1.43147  1.43434 3.68475e-10 0.0 0.0 3.68475e-10
 1.43434  1.43721 3.69010e-10 0.0 0.0 3.69010e-10
 1.43721  1.44009 3.69544e-10 0.0 0.0 3.69544e-10
 1.44009  1.44297 3.70077e-10 0.0 0.0 3.70077e-10
 1.44297  1.44586 3.70608e-10 0.0 0.0 3.70608e-10
 1.44586  1.44875 3.71138e-10 0.0 0.0 3.71138e-10
 1.44875  1.45165 3.71666e-10 0.0 0.0 3.71666e-10
 1.45165  1.45456 3.72192e-10 0.0 0.0 3.72192e-10
 1.45456  1.45747 3.72717e-10 0.0 0.0 3.72717e-10
 1.45747  1.46039 3.73241e-10 0.0 0.0 3.73241e-10
 1.46039  1.46331 3.73763e-10 0.0 0.0 3.73763e-10
 1.46331  1.46624 3.74283e-10 0.0 0.0 3.74283e-10
 1.46624  1.46918 3.74801e-10 0.0 0.0 3.74801e-10
 1.46918  1.47212 3.75319e-10 0.0 0.0 3.75319e-10
 1.47212  1.47507 3.75834e-10 0.0 0.0 3.75834e-10
 1.47507  1.47802 3.76348e-10 0.0 0.0 3.76348e-10
 1.47802  1.48098 3.76860e-10 0.0 0.0 3.76860e-10
 1.48098  1.48395 3.77371e-10 0.0 0.0 3.77371e-10
 1.48395  1.48692 3.77880e-10 0.0 0.0 3.77880e-10
 1.48692  1.48989 3.78387e-10 0.0 0.0 3.78387e-10
 1.48989  1.49288 3.78893e-10 0.0 0.0 3.78893e-10
 1.49288  1.49586 3.79397e-10 0.0 0.0 3.79397e-10
 1.49586  1.49886 3.79899e-10 0.0 0.0 3.79899e-10
 1.49886  1.50186 3.80400e-10 0.0 0.0 3.80400e-10
 1.50186  1.50487 3.80899e-10 0.0 0.0 3.80899e-10
 1.50487  1.50788 3.81396e-10 0.0 0.0 3.81396e-10
 1.50788  1.51090 3.81892e-10 0.0 0.0 3.81892e-10
 1.51090  1.51392 3.82386e-10 0.0 0.0 3.82386e-10
 1.51392  1.51695 3.82878e-10 0.0 0.0 3.82878e-10
 1.51695  1.51999 3.83368e-10 0.0 0.0 3.83368e-10
 1.51999  1.52303 3.83857e-10 0.0 0.0 3.83857e-10
 1.52303  1.52608 3.84344e-10 0.0 0.0 3.84344e-10
 1.52608  1.52914 3.84829e-10 0.0 0.0 3.84829e-10
 1.52914  1.53220 3.85313e-10 0.0 0.0 3.85313e-10
 1.53220  1.53527 3.85795e-10 0.0 0.0 3.85795e-10
 1.53527  1.53834 3.86275e-10 0.0 0.0 3.86275e-10
 1.53834  1.54142 3.86753e-10 0.0 0.0 3.86753e-10
 1.54142  1.54451 3.87229e-10 0.0 0.0 3.87229e-10
 1.54451  1.54760 3.87704e-10 0.0 0.0 3.87704e-10
 1.54760  1.55070 3.88176e-10 0.0 0.0 3.88176e-10
 1.55070  1.55380 3.88647e-10 0.0 0.0 3.88647e-10
 1.55380  1.55691 3.89116e-10 0.0 0.0 3.89116e-10
 1.55691  1.56003 3.89584e-10 0.0 0.0 3.89584e-10
 1.56003  1.56315 3.90049e-10 0.0 0.0 3.90049e-10
 1.56315  1.56628 3.90513e-10 0.0 0.0 3.90513e-10
 1.56628  1.56942 3.90974e-10 0.0 0.0 3.90974e-10
 1.56942  1.57256 3.91434e-10 0.0 0.0 3.91434e-10
 1.57256  1.57571 3.91892e-10 0.0 0.0 3.91892e-10
 1.57571  1.57886 3.92348e-10 0.0 0.0 3.92348e-10
 1.57886  1.58202 3.92802e-10 0.0 0.0 3.92802e-10
 1.58202  1.58519 3.93255e-10 0.0 0.0 3.93255e-10
 1.58519  1.58836 3.93705e-10 0.0 0.0 3.93705e-10
 1.58836  1.59154 3.94154e-10 0.0 0.0 3.94154e-10
 1.59154  1.59473 3.94600e-10 0.0 0.0 3.94600e-10
 1.59473  1.59792 3.95045e-10 0.0 0.0 3.95045e-10
 1.59792  1.60112 3.95488e-10 0.0 0.0 3.95488e-10
 1.60112  1.60433 3.95929e-10 0.0 0.0 3.95929e-10
 1.60433  1.60754 3.96367e-10 0.0 0.0 3.96367e-10
 1.60754  1.61076 3.96804e-10 0.0 0.0 3.96804e-10
 1.61076  1.61398 3.97239e-10 0.0 0.0 3.97239e-10
 1.61398  1.61721 3.97672e-10 0.0 0.0 3.97672e-10
 1.61721  1.62045 3.98103e-10 0.0 0.0 3.98103e-10
 1.62045  1.62369 3.98532e-10 0.0 0.0 3.98532e-10
 1.62369  1.62695 3.98959e-10 0.0 0.0 3.98959e-10
 1.62695  1.63020 3.99384e-10 0.0 0.0 3.99384e-10
 1.63020  1.63347 3.99807e-10 0.0 0.0 3.99807e-10
 1.63347  1.63674 4.00228e-10 0.0 0.0 4.00228e-10
 1.63674  1.64001 4.00647e-10 0.0 0.0 4.00647e-10
 1.64001  1.64330 4.01064e-10 0.0 0.0 4.01064e-10
 1.64330  1.64659 4.01479e-10 0.0 0.0 4.01479e-10
 1.64659  1.64988 4.01892e-10 0.0 0.0 4.01892e-10
 1.64988  1.65319 4.02303e-10 0.0 0.0 4.02303e-10
 1.65319  1.65650 4.02711e-10 0.0 0.0 4.02711e-10
 1.65650  1.65981 4.03118e-10 0.0 0.0 4.03118e-10
 1.65981  1.66313 4.03523e-10 0.0 0.0 4.03523e-10
 1.66313  1.66646 4.03925e-10 0.0 0.0 4.03925e-10
 1.66646  1.66980 4.04326e-10 0.0 0.0 4.04326e-10
 1.66980  1.67314 4.04724e-10 0.0 0.0 4.04724e-10
 1.67314  1.67649 4.05120e-10 0.0 0.0 4.05120e-10
 1.67649  1.67985 4.05515e-10 0.0 0.0 4.05515e-10
 1.67985  1.68321 4.05907e-10 0.0 0.0 4.05907e-10
 1.68321  1.68658 4.06297e-10 0.0 0.0 4.06297e-10
 1.68658  1.68996 4.06684e-10 0.0 0.0 4.06684e-10
 1.68996  1.69334 4.07070e-10 0.0 0.0 4.07070e-10
 1.69334  1.69673 4.07453e-10 0.0 0.0 4.07453e-10
 1.69673  1.70013 4.07835e-10 0.0 0.0 4.07835e-10
 1.70013  1.70353 4.08214e-10 0.0 0.0 4.08214e-10
 1.70353  1.70694 4.08591e-10 0.0 0.0 4.08591e-10
 1.70694  1.71036 4.08966e-10 0.0 0.0 4.08966e-10
 1.71036  1.71378 4.09339e-10 0.0 0.0 4.09339e-10
 1.71378  1.71722 4.09709e-10 0.0 0.0 4.09709e-10
 1.71722  1.72065 4.10078e-10 0.0 0.0 4.10078e-10
 1.72065  1.72410 4.10444e-10 0.0 0.0 4.10444e-10
 1.72410  1.72755 4.10808e-10 0.0 0.0 4.10808e-10
 1.72755  1.73101 4.11169e-10 0.0 0.0 4.11169e-10
 1.73101  1.73447 4.11529e-10 0.0 0.0 4.11529e-10
 1.73447  1.73795 4.11886e-10 0.0 0.0 4.11886e-10
 1.73795  1.74143 4.12241e-10 0.0 0.0 4.12241e-10
 1.74143  1.74491 4.12594e-10 0.0 0.0 4.12594e-10
 1.74491  1.74841 4.12945e-10 0.0 0.0 4.12945e-10
 1.74841  1.75191 4.13293e-10 0.0 0.0 4.13293e-10
 1.75191  1.75541 4.13639e-10 0.0 0.0 4.13639e-10
 1.75541  1.75893 4.13983e-10 0.0 0.0 4.13983e-10
 1.75893  1.76245 4.14325e-10 0.0 0.0 4.14325e-10
 1.76245  1.76598 4.14664e-10 0.0 0.0 4.14664e-10
 1.76598  1.76951 4.15001e-10 0.0 0.0 4.15001e-10
 1.76951  1.77306 4.15336e-10 0.0 0.0 4.15336e-10
 1.77306  1.77660 4.15669e-10 0.0 0.0 4.15669e-10
 1.77660  1.78016 4.15999e-10 0.0 0.0 4.15999e-10
 1.78016  1.78373 4.16327e-10 0.0 0.0 4.16327e-10
 1.78373  1.78730 4.16652e-10 0.0 0.0 4.16652e-10
 1.78730  1.79087 4.16976e-10 0.0 0.0 4.16976e-10
 1.79087  1.79446 4.17297e-10 0.0 0.0 4.17297e-10
 1.79446  1.79805 4.17615e-10 0.0 0.0 4.17615e-10
 1.79805  1.80165 4.17932e-10 0.0 0.0 4.17932e-10
 1.80165  1.80526 4.18246e-10 0.0 0.0 4.18246e-10
 1.80526  1.80887 4.18557e-10 0.0 0.0 4.18557e-10
 1.80887  1.81249 4.18867e-10 0.0 0.0 4.18867e-10
 1.81249  1.81612 4.19174e-10 0.0 0.0 4.19174e-10
 1.81612  1.81976 4.19478e-10 0.0 0.0 4.19478e-10
 1.81976  1.82340 4.19781e-10 0.0 0.0 4.19781e-10
 1.82340  1.82705 4.20080e-10 0.0 0.0 4.20080e-10
 1.82705  1.83071 4.20378e-10 0.0 0.0 4.20378e-10
 1.83071  1.83438 4.20673e-10 0.0 0.0 4.20673e-10
 1.83438  1.83805 4.20966e-10 0.0 0.0 4.20966e-10
 1.83805  1.84173 4.21256e-10 0.0 0.0 4.21256e-10
 1.84173  1.84541 4.21544e-10 0.0 0.0 4.21544e-10
 1.84541  1.84911 4.21830e-10 0.0 0.0 4.21830e-10
 1.84911  1.85281 4.22113e-10 0.0 0.0 4.22113e-10
 1.85281  1.85652 4.22394e-10 0.0 0.0 4.22394e-10
 1.85652  1.86024 4.22672e-10 0.0 0.0 4.22672e-10
 1.86024  1.86396 4.22948e-10 0.0 0.0 4.22948e-10
 1.86396  1.86769 4.23222e-10 0.0 0.0 4.23222e-10
 1.86769  1.87143 4.23493e-10 0.0 0.0 4.23493e-10
 1.87143  1.87518 4.23761e-10 0.0 0.0 4.23761e-10
 1.87518  1.87893 4.24028e-10 0.0 0.0 4.24028e-10
 1.87893  1.88269 4.24291e-10 0.0 0.0 4.24291e-10
 1.88269  1.88646 4.24553e-10 0.0 0.0 4.24553e-10
 1.88646  1.89024 4.24812e-10 0.0 0.0 4.24812e-10
 1.89024  1.89402 4.25068e-10 0.0 0.0 4.25068e-10
 1.89402  1.89782 4.25322e-10 0.0 0.0 4.25322e-10
 1.89782  1.90162 4.25574e-10 0.0 0.0 4.25574e-10
 1.90162  1.90542 4.25823e-10 0.0 0.0 4.25823e-10
 1.90542  1.90924 4.26069e-10 0.0 0.0 4.26069e-10
 1.90924  1.91306 4.26313e-10 0.0 0.0 4.26313e-10
 1.91306  1.91689 4.26555e-10 0.0 0.0 4.26555e-10
 1.91689  1.92073 4.26794e-10 0.0 0.0 4.26794e-10
 1.92073  1.92457 4.27031e-10 0.0 0.0 4.27031e-10
 1.92457  1.92843 4.27265e-10 0.0 0.0 4.27265e-10
 1.92843  1.93229 4.27496e-10 0.0 0.0 4.27496e-10
 1.93229  1.93616 4.27726e-10 0.0 0.0 4.27726e-10
 1.93616  1.94003 4.27952e-10 0.0 0.0 4.27952e-10
 1.94003  1.94392 4.28176e-10 0.0 0.0 4.28176e-10
 1.94392  1.94781 4.28398e-10 0.0 0.0 4.28398e-10
 1.94781  1.95171 4.28617e-10 0.0 0.0 4.28617e-10
 1.95171  1.95561 4.28833e-10 0.0 0.0 4.28833e-10
 1.95561  1.95953 4.29048e-10 0.0 0.0 4.29048e-10
 1.95953  1.96345 4.29259e-10 0.0 0.0 4.29259e-10
 1.96345  1.96738 4.29468e-10 0.0 0.0 4.29468e-10
 1.96738  1.97132 4.29674e-10 0.0 0.0 4.29674e-10
 1.97132  1.97527 4.29878e-10 0.0 0.0 4.29878e-10
 1.97527  1.97922 4.30079e-10 0.0 0.0 4.30079e-10
 1.97922  1.98319 4.30278e-10 0.0 0.0 4.30278e-10
 1.98319  1.98716 4.30474e-10 0.0 0.0 4.30474e-10
 1.98716  1.99113 4.30668e-10 0.0 0.0 4.30668e-10
 1.99113  1.99512 4.30859e-10 0.0 0.0 4.30859e-10
 1.99512  1.99911 4.31048e-10 0.0 0.0 4.31048e-10
 1.99911  2.00312 4.31234e-10 0.0 0.0 4.31234e-10
 2.00312  2.00713 4.31417e-10 0.0 0.0 4.31417e-10
 2.00713  2.01114 4.31598e-10 0.0 0.0 4.31598e-10
 2.01114  2.01517 4.31776e-10 0.0 0.0 4.31776e-10
 2.01517  2.01921 4.31952e-10 0.0 0.0 4.31952e-10
 2.01921  2.02325 4.32125e-10 0.0 0.0 4.32125e-10
 2.02325  2.02730 4.32295e-10 0.0 0.0 4.32295e-10
 2.02730  2.03136 4.32463e-10 0.0 0.0 4.32463e-10
 2.03136  2.03542 4.32628e-10 0.0 0.0 4.32628e-10
 2.03542  2.03950 4.32791e-10 0.0 0.0 4.32791e-10
 2.03950  2.04358 4.32951e-10 0.0 0.0 4.32951e-10
 2.04358  2.04767 4.33108e-10 0.0 0.0 4.33108e-10
 2.04767  2.05177 4.33263e-10 0.0 0.0 4.33263e-10
 2.05177  2.05588 4.33416e-10 0.0 0.0 4.33416e-10
 2.05588  2.06000 4.33565e-10 0.0 0.0 4.33565e-10
 2.06000  2.06412 4.33712e-10 0.0 0.0 4.33712e-10
 2.06412  2.06825 4.33857e-10 0.0 0.0 4.33857e-10
 2.06825  2.07239 4.33998e-10 0.0 0.0 4.33998e-10
 2.07239  2.07654 4.34137e-10 0.0 0.0 4.34137e-10
 2.07654  2.08070 4.34274e-10 0.0 0.0 4.34274e-10
 2.08070  2.08487 4.34408e-10 0.0 0.0 4.34408e-10
 2.08487  2.08904 4.34539e-10 0.0 0.0 4.34539e-10
 2.08904  2.09322 4.34668e-10 0.0 0.0 4.34668e-10
 2.09322  2.09741 4.34794e-10 0.0 0.0 4.34794e-10
 2.09741  2.10161 4.34917e-10 0.0 0.0 4.34917e-10
 2.10161  2.10582 4.35038e-10 0.0 0.0 4.35038e-10
 2.10582  2.11003 4.35156e-10 0.0 0.0 4.35156e-10
 2.11003  2.11426 4.35271e-10 0.0 0.0 4.35271e-10
 2.11426  2.11849 4.35384e-10 0.0 0.0 4.35384e-10
 2.11849  2.12273 4.35494e-10 0.0 0.0 4.35494e-10
 2.12273  2.12698 4.35602e-10 0.0 0.0 4.35602e-10
 2.12698  2.13124 4.35706e-10 0.0 0.0 4.35706e-10
 2.13124  2.13551 4.35809e-10 0.0 0.0 4.35809e-10
 2.13551  2.13978 4.35908e-10 0.0 0.0 4.35908e-10
 2.13978  2.14407 4.36005e-10 0.0 0.0 4.36005e-10
 2.14407  2.14836 4.36099e-10 0.0 0.0 4.36099e-10
 2.14836  2.15266 4.36190e-10 0.0 0.0 4.36190e-10
 2.15266  2.15697 4.36279e-10 0.0 0.0 4.36279e-10
 2.15697  2.16129 4.36366e-10 0.0 0.0 4.36366e-10
 2.16129  2.16561 4.36449e-10 0.0 0.0 4.36449e-10
 2.16561  2.16995 4.36530e-10 0.0 0.0 4.36530e-10
 2.16995  2.17429 4.36608e-10 0.0 0.0 4.36608e-10
 2.17429  2.17865 4.36683e-10 0.0 0.0 4.36683e-10
 2.17865  2.18301 4.36756e-10 0.0 0.0 4.36756e-10
 2.18301  2.18738 4.36826e-10 0.0 0.0 4.36826e-10
 2.18738  2.19176 4.36894e-10 0.0 0.0 4.36894e-10
 2.19176  2.19615 4.36959e-10 0.0 0.0 4.36959e-10
 2.19615  2.20054 4.37021e-10 0.0 0.0 4.37021e-10
 2.20054  2.20495 4.37080e-10 0.0 0.0 4.37080e-10
 2.20495  2.20936 4.37137e-10 0.0 0.0 4.37137e-10
 2.20936  2.21379 4.37191e-10 0.0 0.0 4.37191e-10
 2.21379  2.21822 4.37242e-10 0.0 0.0 4.37242e-10
 2.21822  2.22266 4.37291e-10 0.0 0.0 4.37291e-10
 2.22266  2.22711 4.37337e-10 0.0 0.0 4.37337e-10
 2.22711  2.23157 4.37380e-10 0.0 0.0 4.37380e-10
 2.23157  2.23603 4.37421e-10 0.0 0.0 4.37421e-10
 2.23603  2.24051 4.37459e-10 0.0 0.0 4.37459e-10
 2.24051  2.24500 4.37494e-10 0.0 0.0 4.37494e-10
 2.24500  2.24949 4.37527e-10 0.0 0.0 4.37527e-10
 2.24949  2.25399 4.37556e-10 0.0 0.0 4.37556e-10
 2.25399  2.25851 4.37584e-10 0.0 0.0 4.37584e-10
 2.25851  2.26303 4.37608e-10 0.0 0.0 4.37608e-10
 2.26303  2.26756 4.37630e-10 0.0 0.0 4.37630e-10
 2.26756  2.27210 4.37649e-10 0.0 0.0 4.37649e-10
 2.27210  2.27665 4.37665e-10 0.0 0.0 4.37665e-10
 2.27665  2.28121 4.37679e-10 0.0 0.0 4.37679e-10
 2.28121  2.28577 4.37690e-10 0.0 0.0 4.37690e-10
 2.28577  2.29035 4.37698e-10 0.0 0.0 4.37698e-10
 2.29035  2.29493 4.37704e-10 0.0 0.0 4.37704e-10
 2.29493  2.29953 4.37707e-10 0.0 0.0 4.37707e-10
 2.29953  2.30413 4.37707e-10 0.0 0.0 4.37707e-10
 2.30413  2.30875 4.37704e-10 0.0 0.0 4.37704e-10
 2.30875  2.31337 4.37699e-10 0.0 0.0 4.37699e-10
 2.31337  2.31800 4.37691e-10 0.0 0.0 4.37691e-10
 2.31800  2.32264 4.37681e-10 0.0 0.0 4.37681e-10
 2.32264  2.32729 4.37668e-10 0.0 0.0 4.37668e-10
 2.32729  2.33195 4.37652e-10 0.0 0.0 4.37652e-10
 2.33195  2.33662 4.37633e-10 0.0 0.0 4.37633e-10
 2.33662  2.34129 4.37612e-10 0.0 0.0 4.37612e-10
 2.34129  2.34598 4.37587e-10 0.0 0.0 4.37587e-10
 2.34598  2.35068 4.37561e-10 0.0 0.0 4.37561e-10
 2.35068  2.35538 4.37531e-10 0.0 0.0 4.37531e-10
 2.35538  2.36010 4.37499e-10 0.0 0.0 4.37499e-10
 2.36010  2.36483 4.37464e-10 0.0 0.0 4.37464e-10
 2.36483  2.36956 4.37427e-10 0.0 0.0 4.37427e-10
 2.36956  2.37430 4.37387e-10 0.0 0.0 4.37387e-10
 2.37430  2.37906 4.37344e-10 0.0 0.0 4.37344e-10
 2.37906  2.38382 4.37298e-10 0.0 0.0 4.37298e-10
 2.38382  2.38859 4.37250e-10 0.0 0.0 4.37250e-10
 2.38859  2.39337 4.37199e-10 0.0 0.0 4.37199e-10
 2.39337  2.39817 4.37145e-10 0.0 0.0 4.37145e-10
 2.39817  2.40297 4.37089e-10 0.0 0.0 4.37089e-10
 2.40297  2.40778 4.37030e-10 0.0 0.0 4.37030e-10
 2.40778  2.41260 4.36968e-10 0.0 0.0 4.36968e-10
 2.41260  2.41743 4.36904e-10 0.0 0.0 4.36904e-10
 2.41743  2.42227 4.36836e-10 0.0 0.0 4.36836e-10
 2.42227  2.42712 4.36767e-10 0.0 0.0 4.36767e-10
 2.42712  2.43198 4.36694e-10 0.0 0.0 4.36694e-10
 2.43198  2.43685 4.36619e-10 0.0 0.0 4.36619e-10
 2.43685  2.44172 4.36541e-10 0.0 0.0 4.36541e-10
 2.44172  2.44661 4.36461e-10 0.0 0.0 4.36461e-10
 2.44661  2.45151 4.36378e-10 0.0 0.0 4.36378e-10
 2.45151  2.45642 4.36292e-10 0.0 0.0 4.36292e-10
 2.45642  2.46134 4.36203e-10 0.0 0.0 4.36203e-10
 2.46134  2.46626 4.36112e-10 0.0 0.0 4.36112e-10
 2.46626  2.47120 4.36018e-10 0.0 0.0 4.36018e-10
 2.47120  2.47615 4.35922e-10 0.0 0.0 4.35922e-10
 2.47615  2.48111 4.35822e-10 0.0 0.0 4.35822e-10
 2.48111  2.48607 4.35720e-10 0.0 0.0 4.35720e-10
 2.48607  2.49105 4.35616e-10 0.0 0.0 4.35616e-10
 2.49105  2.49604 4.35509e-10 0.0 0.0 4.35509e-10
 2.49604  2.50103 4.35399e-10 0.0 0.0 4.35399e-10
 2.50103  2.50604 4.35286e-10 0.0 0.0 4.35286e-10
 2.50604  2.51106 4.35171e-10 0.0 0.0 4.35171e-10
 2.51106  2.51609 4.35053e-10 0.0 0.0 4.35053e-10
 2.51609  2.52112 4.34933e-10 0.0 0.0 4.34933e-10
 2.52112  2.52617 4.34810e-10 0.0 0.0 4.34810e-10
 2.52617  2.53123 4.34684e-10 0.0 0.0 4.34684e-10
 2.53123  2.53629 4.34556e-10 0.0 0.0 4.34556e-10
 2.53629  2.54137 4.34425e-10 0.0 0.0 4.34425e-10
 2.54137  2.54646 4.34291e-10 0.0 0.0 4.34291e-10
 2.54646  2.55156 4.34155e-10 0.0 0.0 4.34155e-10
 2.55156  2.55667 4.34016e-10 0.0 0.0 4.34016e-10
 2.55667  2.56178 4.33874e-10 0.0 0.0 4.33874e-10
 2.56178  2.56691 4.33730e-10 0.0 0.0 4.33730e-10
 2.56691  2.57205 4.33583e-10 0.0 0.0 4.33583e-10
 2.57205  2.57720 4.33433e-10 0.0 0.0 4.33433e-10
 2.57720  2.58236 4.33281e-10 0.0 0.0 4.33281e-10
 2.58236  2.58753 4.33127e-10 0.0 0.0 4.33127e-10
 2.58753  2.59271 4.32969e-10 0.0 0.0 4.32969e-10
 2.59271  2.59790 4.32809e-10 0.0 0.0 4.32809e-10
 2.59790  2.60310 4.32647e-10 0.0 0.0 4.32647e-10
 2.60310  2.60831 4.32481e-10 0.0 0.0 4.32481e-10
 2.60831  2.61354 4.32314e-10 0.0 0.0 4.32314e-10
 2.61354  2.61877 4.32143e-10 0.0 0.0 4.32143e-10
 2.61877  2.62401 4.31970e-10 0.0 0.0 4.31970e-10
 2.62401  2.62926 4.31795e-10 0.0 0.0 4.31795e-10
 2.62926  2.63453 4.31616e-10 0.0 0.0 4.31616e-10
 2.63453  2.63980 4.31436e-10 0.0 0.0 4.31436e-10
 2.63980  2.64509 4.31252e-10 0.0 0.0 4.31252e-10
 2.64509  2.65038 4.31066e-10 0.0 0.0 4.31066e-10
 2.65038  2.65569 4.30878e-10 0.0 0.0 4.30878e-10
 2.65569  2.66101 4.30687e-10 0.0 0.0 4.30687e-10
 2.66101  2.66633 4.30493e-10 0.0 0.0 4.30493e-10
 2.66633  2.67167 4.30297e-10 0.0 0.0 4.30297e-10
 2.67167  2.67702 4.30098e-10 0.0 0.0 4.30098e-10
 2.67702  2.68238 4.29896e-10 0.0 0.0 4.29896e-10
 2.68238  2.68775 4.29692e-10 0.0 0.0 4.29692e-10
 2.68775  2.69313 4.29486e-10 0.0 0.0 4.29486e-10
 2.69313  2.69852 4.29277e-10 0.0 0.0 4.29277e-10
 2.69852  2.70392 4.29065e-10 0.0 0.0 4.29065e-10
 2.70392  2.70934 4.28851e-10 0.0 0.0 4.28851e-10
 2.70934  2.71476 4.28634e-10 0.0 0.0 4.28634e-10
 2.71476  2.72020 4.28415e-10 0.0 0.0 4.28415e-10
 2.72020  2.72564 4.28193e-10 0.0 0.0 4.28193e-10
 2.72564  2.73110 4.27969e-10 0.0 0.0 4.27969e-10
 2.73110  2.73657 4.27742e-10 0.0 0.0 4.27742e-10
 2.73657  2.74205 4.27513e-10 0.0 0.0 4.27513e-10
 2.74205  2.74754 4.27281e-10 0.0 0.0 4.27281e-10
 2.74754  2.75304 4.27046e-10 0.0 0.0 4.27046e-10
 2.75304  2.75855 4.26809e-10 0.0 0.0 4.26809e-10
 2.75855  2.76407 4.26570e-10 0.0 0.0 4.26570e-10
 2.76407  2.76960 4.26328e-10 0.0 0.0 4.26328e-10
 2.76960  2.77515 4.26084e-10 0.0 0.0 4.26084e-10
 2.77515  2.78070 4.25837e-10 0.0 0.0 4.25837e-10
 2.78070  2.78627 4.25587e-10 0.0 0.0 4.25587e-10
 2.78627  2.79185 4.25335e-10 0.0 0.0 4.25335e-10
 2.79185  2.79744 4.25081e-10 0.0 0.0 4.25081e-10
 2.79744  2.80304 4.24824e-10 0.0 0.0 4.24824e-10
 2.80304  2.80865 4.24565e-10 0.0 0.0 4.24565e-10
 2.80865  2.81427 4.24303e-10 0.0 0.0 4.24303e-10
 2.81427  2.81991 4.24039e-10 0.0 0.0 4.24039e-10
 2.81991  2.82555 4.23772e-10 0.0 0.0 4.23772e-10
 2.82555  2.83121 4.23503e-10 0.0 0.0 4.23503e-10
 2.83121  2.83688 4.23231e-10 0.0 0.0 4.23231e-10
 2.83688  2.84256 4.22957e-10 0.0 0.0 4.22957e-10
 2.84256  2.84825 4.22681e-10 0.0 0.0 4.22681e-10
 2.84825  2.85395 4.22402e-10 0.0 0.0 4.22402e-10
 2.85395  2.85966 4.22120e-10 0.0 0.0 4.22120e-10
 2.85966  2.86539 4.21836e-10 0.0 0.0 4.21836e-10
 2.86539  2.87113 4.21550e-10 0.0 0.0 4.21550e-10
 2.87113  2.87687 4.21262e-10 0.0 0.0 4.21262e-10
 2.87687  2.88263 4.20970e-10 0.0 0.0 4.20970e-10
 2.88263  2.88840 4.20677e-10 0.0 0.0 4.20677e-10
 2.88840  2.89419 4.20381e-10 0.0 0.0 4.20381e-10
 2.89419  2.89998 4.20083e-10 0.0 0.0 4.20083e-10
 2.89998  2.90579 4.19782e-10 0.0 0.0 4.19782e-10
 2.90579  2.91160 4.19479e-10 0.0 0.0 4.19479e-10
 2.91160  2.91743 4.19174e-10 0.0 0.0 4.19174e-10
 2.91743  2.92327 4.18866e-10 0.0 0.0 4.18866e-10
 2.92327  2.92913 4.18556e-10 0.0 0.0 4.18556e-10
 2.92913  2.93499 4.18243e-10 0.0 0.0 4.18243e-10
 2.93499  2.94087 4.17929e-10 0.0 0.0 4.17929e-10
 2.94087  2.94675 4.17611e-10 0.0 0.0 4.17611e-10
 2.94675  2.95265 4.17292e-10 0.0 0.0 4.17292e-10
 2.95265  2.95856 4.16970e-10 0.0 0.0 4.16970e-10
 2.95856  2.96449 4.16646e-10 0.0 0.0 4.16646e-10
 2.96449  2.97042 4.16319e-10 0.0 0.0 4.16319e-10
 2.97042  2.97637 4.15990e-10 0.0 0.0 4.15990e-10
 2.97637  2.98233 4.15659e-10 0.0 0.0 4.15659e-10
 2.98233  2.98830 4.15326e-10 0.0 0.0 4.15326e-10
 2.98830  2.99428 4.14990e-10 0.0 0.0 4.14990e-10
 2.99428  3.00028 4.14652e-10 0.0 0.0 4.14652e-10
 3.00028  3.00628 4.14311e-10 0.0 0.0 4.14311e-10
 3.00628  3.01230 4.13968e-10 0.0 0.0 4.13968e-10
 3.01230  3.01833 4.13623e-10 0.0 0.0 4.13623e-10
 3.01833  3.02437 4.13276e-10 0.0 0.0 4.13276e-10
 3.02437  3.03043 4.12927e-10 0.0 0.0 4.12927e-10
 3.03043  3.03650 4.12575e-10 0.0 0.0 4.12575e-10
 3.03650  3.04257 4.12221e-10 0.0 0.0 4.12221e-10
 3.04257  3.04867 4.11865e-10 0.0 0.0 4.11865e-10
 3.04867  3.05477 4.11506e-10 0.0 0.0 4.11506e-10
 3.05477  3.06089 4.11145e-10 0.0 0.0 4.11145e-10
 3.06089  3.06701 4.10782e-10 0.0 0.0 4.10782e-10
 3.06701  3.07315 4.10417e-10 0.0 0.0 4.10417e-10
 3.07315  3.07931 4.10049e-10 0.0 0.0 4.10049e-10
 3.07931  3.08547 4.09680e-10 0.0 0.0 4.09680e-10
 3.08547  3.09165 4.09308e-10 0.0 0.0 4.09308e-10
 3.09165  3.09784 4.08934e-10 0.0 0.0 4.08934e-10
 3.09784  3.10404 4.08557e-10 0.0 0.0 4.08557e-10
 3.10404  3.11025 4.08179e-10 0.0 0.0 4.08179e-10
 3.11025  3.11648 4.07798e-10 0.0 0.0 4.07798e-10
 3.11648  3.12272 4.07415e-10 0.0 0.0 4.07415e-10
 3.12272  3.12897 4.07030e-10 0.0 0.0 4.07030e-10
 3.12897  3.13524 4.06643e-10 0.0 0.0 4.06643e-10
 3.13524  3.14151 4.06254e-10 0.0 0.0 4.06254e-10
 3.14151  3.14780 4.05862e-10 0.0 0.0 4.05862e-10
 3.14780  3.15410 4.05469e-10 0.0 0.0 4.05469e-10
 3.15410  3.16042 4.05073e-10 0.0 0.0 4.05073e-10
 3.16042  3.16674 4.04675e-10 0.0 0.0 4.04675e-10
 3.16674  3.17308 4.04275e-10 0.0 0.0 4.04275e-10
 3.17308  3.17944 4.03873e-10 0.0 0.0 4.03873e-10
 3.17944  3.18580 4.03469e-10 0.0 0.0 4.03469e-10
 3.18580  3.19218 4.03062e-10 0.0 0.0 4.03062e-10
 3.19218  3.19857 4.02654e-10 0.0 0.0 4.02654e-10
 3.19857  3.20497 4.02243e-10 0.0 0.0 4.02243e-10
 3.20497  3.21139 4.01831e-10 0.0 0.0 4.01831e-10
 3.21139  3.21782 4.01416e-10 0.0 0.0 4.01416e-10
 3.21782  3.22426 4.00999e-10 0.0 0.0 4.00999e-10
 3.22426  3.23072 4.00581e-10 0.0 0.0 4.00581e-10
 3.23072  3.23719 4.00160e-10 0.0 0.0 4.00160e-10
 3.23719  3.24367 3.99737e-10 0.0 0.0 3.99737e-10
 3.24367  3.25016 3.99312e-10 0.0 0.0 3.99312e-10
 3.25016  3.25667 3.98885e-10 0.0 0.0 3.98885e-10
 3.25667  3.26319 3.98456e-10 0.0 0.0 3.98456e-10
 3.26319  3.26972 3.98025e-10 0.0 0.0 3.98025e-10
 3.26972  3.27627 3.97592e-10 0.0 0.0 3.97592e-10
 3.27627  3.28282 3.97157e-10 0.0 0.0 3.97157e-10
 3.28282  3.28940 3.96720e-10 0.0 0.0 3.96720e-10
 3.28940  3.29598 3.96281e-10 0.0 0.0 3.96281e-10
 3.29598  3.30258 3.95840e-10 0.0 0.0 3.95840e-10
 3.30258  3.30919 3.95397e-10 0.0 0.0 3.95397e-10
 3.30919  3.31582 3.94952e-10 0.0 0.0 3.94952e-10
 3.31582  3.32246 3.94505e-10 0.0 0.0 3.94505e-10
 3.32246  3.32911 3.94056e-10 0.0 0.0 3.94056e-10
 3.32911  3.33577 3.93606e-10 0.0 0.0 3.93606e-10
 3.33577  3.34245 3.93153e-10 0.0 0.0 3.93153e-10
 3.34245  3.34914 3.92698e-10 0.0 0.0 3.92698e-10
 3.34914  3.35585 3.92242e-10 0.0 0.0 3.92242e-10
 3.35585  3.36257 3.91783e-10 0.0 0.0 3.91783e-10
 3.36257  3.36930 3.91323e-10 0.0 0.0 3.91323e-10
 3.36930  3.37604 3.90861e-10 0.0 0.0 3.90861e-10
 3.37604  3.38280 3.90397e-10 0.0 0.0 3.90397e-10
 3.38280  3.38957 3.89930e-10 0.0 0.0 3.89930e-10
 3.38957  3.39636 3.89463e-10 0.0 0.0 3.89463e-10
 3.39636  3.40316 3.88993e-10 0.0 0.0 3.88993e-10
 3.40316  3.40997 3.88521e-10 0.0 0.0 3.88521e-10
 3.40997  3.41680 3.88048e-10 0.0 0.0 3.88048e-10
 3.41680  3.42364 3.87572e-10 0.0 0.0 3.87572e-10
 3.42364  3.43049 3.87095e-10 0.0 0.0 3.87095e-10
 3.43049  3.43736 3.86616e-10 0.0 0.0 3.86616e-10
 3.43736  3.44424 3.86136e-10 0.0 0.0 3.86136e-10
 3.44424  3.45114 3.85653e-10 0.0 0.0 3.85653e-10
 3.45114  3.45805 3.85169e-10 0.0 0.0 3.85169e-10
 3.45805  3.46497 3.84683e-10 0.0 0.0 3.84683e-10
 3.46497  3.47191 3.84195e-10 0.0 0.0 3.84195e-10
 3.47191  3.47886 3.83705e-10 0.0 0.0 3.83705e-10
 3.47886  3.48582 3.83213e-10 0.0 0.0 3.83213e-10
 3.48582  3.49280 3.82720e-10 0.0 0.0 3.82720e-10
 3.49280  3.49979 3.82225e-10 0.0 0.0 3.82225e-10
 3.49979  3.50680 3.81728e-10 0.0 0.0 3.81728e-10
 3.50680  3.51382 3.81230e-10 0.0 0.0 3.81230e-10
 3.51382  3.52086 3.80730e-10 0.0 0.0 3.80730e-10
 3.52086  3.52790 3.80228e-10 0.0 0.0 3.80228e-10
 3.52790  3.53497 3.79724e-10 0.0 0.0 3.79724e-10
 3.53497  3.54204 3.79219e-10 0.0 0.0 3.79219e-10
 3.54204  3.54914 3.78712e-10 0.0 0.0 3.78712e-10
 3.54914  3.55624 3.78203e-10 0.0 0.0 3.78203e-10
 3.55624  3.56336 3.77693e-10 0.0 0.0 3.77693e-10
 3.56336  3.57049 3.77180e-10 0.0 0.0 3.77180e-10
 3.57049  3.57764 3.76667e-10 0.0 0.0 3.76667e-10
 3.57764  3.58481 3.76151e-10 0.0 0.0 3.76151e-10
 3.58481  3.59198 3.75634e-10 0.0 0.0 3.75634e-10
 3.59198  3.59917 3.75116e-10 0.0 0.0 3.75116e-10
 3.59917  3.60638 3.74595e-10 0.0 0.0 3.74595e-10
 3.60638  3.61360 3.74073e-10 0.0 0.0 3.74073e-10
 3.61360  3.62083 3.73550e-10 0.0 0.0 3.73550e-10
 3.62083  3.62808 3.73025e-10 0.0 0.0 3.73025e-10
 3.62808  3.63535 3.72498e-10 0.0 0.0 3.72498e-10
 3.63535  3.64262 3.71970e-10 0.0 0.0 3.71970e-10
 3.64262  3.64992 3.71440e-10 0.0 0.0 3.71440e-10
 3.64992  3.65722 3.70909e-10 0.0 0.0 3.70909e-10
 3.65722  3.66454 3.70376e-10 0.0 0.0 3.70376e-10
 3.66454  3.67188 3.69841e-10 0.0 0.0 3.69841e-10
 3.67188  3.67923 3.69305e-10 0.0 0.0 3.69305e-10
 3.67923  3.68660 3.68767e-10 0.0 0.0 3.68767e-10
 3.68660  3.69398 3.68228e-10 0.0 0.0 3.68228e-10
 3.69398  3.70137 3.67688e-10 0.0 0.0 3.67688e-10
 3.70137  3.70878 3.67145e-10 0.0 0.0 3.67145e-10
 3.70878  3.71621 3.66602e-10 0.0 0.0 3.66602e-10
 3.71621  3.72365 3.66057e-10 0.0 0.0 3.66057e-10
 3.72365  3.73110 3.65510e-10 0.0 0.0 3.65510e-10
 3.73110  3.73857 3.64962e-10 0.0 0.0 3.64962e-10
 3.73857  3.74606 3.64412e-10 0.0 0.0 3.64412e-10
 3.74606  3.75356 3.63861e-10 0.0 0.0 3.63861e-10
 3.75356  3.76107 3.63309e-10 0.0 0.0 3.63309e-10
 3.76107  3.76860 3.62755e-10 0.0 0.0 3.62755e-10
 3.76860  3.77615 3.62200e-10 0.0 0.0 3.62200e-10
 3.77615  3.78371 3.61643e-10 0.0 0.0 3.61643e-10
 3.78371  3.79128 3.61085e-10 0.0 0.0 3.61085e-10
 3.79128  3.79887 3.60525e-10 0.0 0.0 3.60525e-10
 3.79887  3.80648 3.59965e-10 0.0 0.0 3.59965e-10
 3.80648  3.81410 3.59402e-10 0.0 0.0 3.59402e-10
 3.81410  3.82173 3.58839e-10 0.0 0.0 3.58839e-10
 3.82173  3.82938 3.58274e-10 0.0 0.0 3.58274e-10
 3.82938  3.83705 3.57707e-10 0.0 0.0 3.57707e-10
 3.83705  3.84473 3.57139e-10 0.0 0.0 3.57139e-10
 3.84473  3.85243 3.56570e-10 0.0 0.0 3.56570e-10
 3.85243  3.86014 3.56000e-10 0.0 0.0 3.56000e-10
 3.86014  3.86787 3.55428e-10 0.0 0.0 3.55428e-10
 3.86787  3.87561 3.54855e-10 0.0 0.0 3.54855e-10
 3.87561  3.88337 3.54281e-10 0.0 0.0 3.54281e-10
 3.88337  3.89115 3.53705e-10 0.0 0.0 3.53705e-10
 3.89115  3.89894 3.53128e-10 0.0 0.0 3.53128e-10
 3.89894  3.90674 3.52550e-10 0.0 0.0 3.52550e-10
 3.90674  3.91456 3.51971e-10 0.0 0.0 3.51971e-10
 3.91456  3.92240 3.51390e-10 0.0 0.0 3.51390e-10
 3.92240  3.93025 3.50808e-10 0.0 0.0 3.50808e-10
 3.93025  3.93812 3.50225e-10 0.0 0.0 3.50225e-10
 3.93812  3.94601 3.49641e-10 0.0 0.0 3.49641e-10
 3.94601  3.95391 3.49055e-10 0.0 0.0 3.49055e-10
 3.95391  3.96182 3.48468e-10 0.0 0.0 3.48468e-10
 3.96182  3.96975 3.47880e-10 0.0 0.0 3.47880e-10
 3.96975  3.97770 3.47291e-10 0.0 0.0 3.47291e-10
 3.97770  3.98567 3.46701e-10 0.0 0.0 3.46701e-10
 3.98567  3.99364 3.46109e-10 0.0 0.0 3.46109e-10
 3.99364  4.00164 3.45516e-10 0.0 0.0 3.45516e-10
 4.00164  4.00965 3.44922e-10 0.0 0.0 3.44922e-10
 4.00965  4.01768 3.44327e-10 0.0 0.0 3.44327e-10
 4.01768  4.02572 3.43731e-10 0.0 0.0 3.43731e-10
 4.02572  4.03378 3.43134e-10 0.0 0.0 3.43134e-10
 4.03378  4.04186 3.42535e-10 0.0 0.0 3.42535e-10
 4.04186  4.04995 3.41936e-10 0.0 0.0 3.41936e-10
 4.04995  4.05806 3.41335e-10 0.0 0.0 3.41335e-10
 4.05806  4.06618 3.40734e-10 0.0 0.0 3.40734e-10
 4.06618  4.07432 3.40131e-10 0.0 0.0 3.40131e-10
 4.07432  4.08248 3.39527e-10 0.0 0.0 3.39527e-10
 4.08248  4.09065 3.38922e-10 0.0 0.0 3.38922e-10
 4.09065  4.09884 3.38316e-10 0.0 0.0 3.38316e-10
 4.09884  4.10705 3.37709e-10 0.0 0.0 3.37709e-10
 4.10705  4.11527 3.37101e-10 0.0 0.0 3.37101e-10
 4.11527  4.12351 3.36492e-10 0.0 0.0 3.36492e-10
 4.12351  4.13176 3.35882e-10 0.0 0.0 3.35882e-10
 4.13176  4.14003 3.35271e-10 0.0 0.0 3.35271e-10
 4.14003  4.14832 3.34659e-10 0.0 0.0 3.34659e-10
 4.14832  4.15663 3.34046e-10 0.0 0.0 3.34046e-10
 4.15663  4.16495 3.33432e-10 0.0 0.0 3.33432e-10
 4.16495  4.17329 3.32817e-10 0.0 0.0 3.32817e-10
 4.17329  4.18164 3.32201e-10 0.0 0.0 3.32201e-10
 4.18164  4.19001 3.31584e-10 0.0 0.0 3.31584e-10
 4.19001  4.19840 3.30966e-10 0.0 0.0 3.30966e-10
 4.19840  4.20681 3.30347e-10 0.0 0.0 3.30347e-10
 4.20681  4.21523 3.29727e-10 0.0 0.0 3.29727e-10
 4.21523  4.22367 3.29107e-10 0.0 0.0 3.29107e-10
 4.22367  4.23212 3.28485e-10 0.0 0.0 3.28485e-10
 4.23212  4.24060 3.27863e-10 0.0 0.0 3.27863e-10
 4.24060  4.24909 3.27239e-10 0.0 0.0 3.27239e-10
 4.24909  4.25759 3.26615e-10 0.0 0.0 3.26615e-10
 4.25759  4.26612 3.25990e-10 0.0 0.0 3.25990e-10
 4.26612  4.27466 3.25364e-10 0.0 0.0 3.25364e-10
 4.27466  4.28322 3.24737e-10 0.0 0.0 3.24737e-10
 4.28322  4.29179 3.24110e-10 0.0 0.0 3.24110e-10
 4.29179  4.30038 3.23481e-10 0.0 0.0 3.23481e-10
 4.30038  4.30899 3.22852e-10 0.0 0.0 3.22852e-10
 4.30899  4.31762 3.22222e-10 0.0 0.0 3.22222e-10
 4.31762  4.32626 3.21591e-10 0.0 0.0 3.21591e-10
 4.32626  4.33492 3.20959e-10 0.0 0.0 3.20959e-10
 4.33492  4.34360 3.20327e-10 0.0 0.0 3.20327e-10
 4.34360  4.35230 3.19694e-10 0.0 0.0 3.19694e-10
 4.35230  4.36101 3.19060e-10 0.0 0.0 3.19060e-10
 4.36101  4.36974 3.18425e-10 0.0 0.0 3.18425e-10
 4.36974  4.37849 3.17789e-10 0.0 0.0 3.17789e-10
 4.37849  4.38726 3.17153e-10 0.0 0.0 3.17153e-10
 4.38726  4.39604 3.16516e-10 0.0 0.0 3.16516e-10
 4.39604  4.40484 3.15878e-10 0.0 0.0 3.15878e-10
 4.40484  4.41366 3.15240e-10 0.0 0.0 3.15240e-10
 4.41366  4.42250 3.14601e-10 0.0 0.0 3.14601e-10
 4.42250  4.43135 3.13961e-10 0.0 0.0 3.13961e-10
 4.43135  4.44022 3.13321e-10 0.0 0.0 3.13321e-10
 4.44022  4.44911 3.12680e-10 0.0 0.0 3.12680e-10
 4.44911  4.45802 3.12038e-10 0.0 0.0 3.12038e-10
 4.45802  4.46694 3.11395e-10 0.0 0.0 3.11395e-10
 4.46694  4.47589 3.10752e-10 0.0 0.0 3.10752e-10
 4.47589  4.48485 3.10109e-10 0.0 0.0 3.10109e-10
 4.48485  4.49382 3.09464e-10 0.0 0.0 3.09464e-10
 4.49382  4.50282 3.08819e-10 0.0 0.0 3.08819e-10
 4.50282  4.51184 3.08174e-10 0.0 0.0 3.08174e-10
 4.51184  4.52087 3.07527e-10 0.0 0.0 3.07527e-10
 4.52087  4.52992 3.06881e-10 0.0 0.0 3.06881e-10
 4.52992  4.53899 3.06233e-10 0.0 0.0 3.06233e-10
 4.53899  4.54808 3.05585e-10 0.0 0.0 3.05585e-10
 4.54808  4.55718 3.04937e-10 0.0 0.0 3.04937e-10
 4.55718  4.56630 3.04288e-10 0.0 0.0 3.04288e-10
 4.56630  4.57545 3.03638e-10 0.0 0.0 3.03638e-10
 4.57545  4.58461 3.02988e-10 0.0 0.0 3.02988e-10
 4.58461  4.59378 3.02338e-10 0.0 0.0 3.02338e-10
 4.59378  4.60298 3.01686e-10 0.0 0.0 3.01686e-10
 4.60298  4.61220 3.01035e-10 0.0 0.0 3.01035e-10
 4.61220  4.62143 3.00383e-10 0.0 0.0 3.00383e-10
 4.62143  4.63068 2.99730e-10 0.0 0.0 2.99730e-10
 4.63068  4.63995 2.99077e-10 0.0 0.0 2.99077e-10
 4.63995  4.64924 2.98423e-10 0.0 0.0 2.98423e-10
 4.64924  4.65855 2.97769e-10 0.0 0.0 2.97769e-10
 4.65855  4.66788 2.97115e-10 0.0 0.0 2.97115e-10
 4.66788  4.67722 2.96460e-10 0.0 0.0 2.96460e-10
 4.67722  4.68659 2.95804e-10 0.0 0.0 2.95804e-10
 4.68659  4.69597 2.95148e-10 0.0 0.0 2.95148e-10
 4.69597  4.70537 2.94492e-10 0.0 0.0 2.94492e-10
 4.70537  4.71479 2.93836e-10 0.0 0.0 2.93836e-10
 4.71479  4.72423 2.93178e-10 0.0 0.0 2.93178e-10
 4.72423  4.73369 2.92521e-10 0.0 0.0 2.92521e-10
 4.73369  4.74316 2.91863e-10 0.0 0.0 2.91863e-10
 4.74316  4.75266 2.91205e-10 0.0 0.0 2.91205e-10
 4.75266  4.76217 2.90546e-10 0.0 0.0 2.90546e-10
 4.76217  4.77171 2.89888e-10 0.0 0.0 2.89888e-10
 4.77171  4.78126 2.89228e-10 0.0 0.0 2.89228e-10
 4.78126  4.79083 2.88569e-10 0.0 0.0 2.88569e-10
 4.79083  4.80042 2.87909e-10 0.0 0.0 2.87909e-10
 4.80042  4.81003 2.87249e-10 0.0 0.0 2.87249e-10
 4.81003  4.81966 2.86588e-10 0.0 0.0 2.86588e-10
 4.81966  4.82931 2.85927e-10 0.0 0.0 2.85927e-10
 4.82931  4.83898 2.85266e-10 0.0 0.0 2.85266e-10
 4.83898  4.84867 2.84605e-10 0.0 0.0 2.84605e-10
 4.84867  4.85838 2.83943e-10 0.0 0.0 2.83943e-10
 4.85838  4.86810 2.83281e-10 0.0 0.0 2.83281e-10
 4.86810  4.87785 2.82619e-10 0.0 0.0 2.82619e-10
 4.87785  4.88761 2.81956e-10 0.0 0.0 2.81956e-10
 4.88761  4.89740 2.81294e-10 0.0 0.0 2.81294e-10
 4.89740  4.90720 2.80631e-10 0.0 0.0 2.80631e-10
 4.90720  4.91703 2.79968e-10 0.0 0.0 2.79968e-10
 4.91703  4.92687 2.79304e-10 0.0 0.0 2.79304e-10
 4.92687  4.93673 2.78641e-10 0.0 0.0 2.78641e-10
 4.93673  4.94662 2.77977e-10 0.0 0.0 2.77977e-10
 4.94662  4.95652 2.77313e-10 0.0 0.0 2.77313e-10
 4.95652  4.96644 2.76649e-10 0.0 0.0 2.76649e-10
 4.96644  4.97639 2.75985e-10 0.0 0.0 2.75985e-10
 4.97639  4.98635 2.75320e-10 0.0 0.0 2.75320e-10
 4.98635  4.99633 2.74655e-10 0.0 0.0 2.74655e-10
