 0.60939  0.61061 6.84448e-11 0.0 0.0 6.84448e-11
 0.61061  0.61183 6.86956e-11 0.0 0.0 6.86956e-11
 0.61183  0.61306 6.89476e-11 0.0 0.0 6.89476e-11
 0.61306  0.61429 6.92001e-11 0.0 0.0 6.92001e-11
 0.61429  0.61552 6.94523e-11 0.0 0.0 6.94523e-11
 0.61552  0.61675 6.97048e-11 0.0 0.0 6.97048e-11
 0.61675  0.61798 6.99578e-11 0.0 0.0 6.99578e-11
 0.61798  0.61922 7.02110e-11 0.0 0.0 7.02110e-11
 0.61922  0.62046 7.04645e-11 0.0 0.0 7.04645e-11
 0.62046  0.62170 7.07184e-11 0.0 0.0 7.07184e-11
 0.62170  0.62295 7.09728e-11 0.0 0.0 7.09728e-11
 0.62295  0.62419 7.12277e-11 0.0 0.0 7.12277e-11
 0.62419  0.62544 7.14830e-11 0.0 0.0 7.14830e-11
 0.62544  0.62669 7.17387e-11 0.0 0.0 7.17387e-11
 0.62669  0.62795 7.19949e-11 0.0 0.0 7.19949e-11
 0.62795  0.62921 7.22515e-11 0.0 0.0 7.22515e-11
 0.62921  0.63047 7.25086e-11 0.0 0.0 7.25086e-11
 0.63047  0.63173 7.27661e-11 0.0 0.0 7.27661e-11
 0.63173  0.63299 7.30240e-11 0.0 0.0 7.30240e-11
 0.63299  0.63426 7.32824e-11 0.0 0.0 7.32824e-11
 0.63426  0.63553 7.35413e-11 0.0 0.0 7.35413e-11
 0.63553  0.63680 7.38005e-11 0.0 0.0 7.38005e-11
 0.63680  0.63808 7.40602e-11 0.0 0.0 7.40602e-11
 0.63808  0.63935 7.43203e-11 0.0 0.0 7.43203e-11
 0.63935  0.64063 7.45809e-11 0.0 0.0 7.45809e-11
 0.64063  0.64192 7.48419e-11 0.0 0.0 7.48419e-11
 0.64192  0.64320 7.51033e-11 0.0 0.0 7.51033e-11
 0.64320  0.64449 7.53651e-11 0.0 0.0 7.53651e-11
 0.64449  0.64578 7.56273e-11 0.0 0.0 7.56273e-11
 0.64578  0.64707 7.58900e-11 0.0 0.0 7.58900e-11
 0.64707  0.64837 7.61531e-11 0.0 0.0 7.61531e-11
 0.64837  0.64967 7.64166e-11 0.0 0.0 7.64166e-11
 0.64967  0.65097 7.66805e-11 0.0 0.0 7.66805e-11
 0.65097  0.65227 7.69448e-11 0.0 0.0 7.69448e-11
 0.65227  0.65358 7.72095e-11 0.0 0.0 7.72095e-11
 0.65358  0.65488 7.74747e-11 0.0 0.0 7.74747e-11
 0.65488  0.65620 7.77402e-11 0.0 0.0 7.77402e-11
 0.65620  0.65751 7.80062e-11 0.0 0.0 7.80062e-11
 0.65751  0.65883 7.82725e-11 0.0 0.0 7.82725e-11
 0.65883  0.66014 7.85392e-11 0.0 0.0 7.85392e-11
 0.66014  0.66147 7.88064e-11 0.0 0.0 7.88064e-11
 0.66147  0.66279 7.90739e-11 0.0 0.0 7.90739e-11
 0.66279  0.66412 7.93419e-11 0.0 0.0 7.93419e-11
 0.66412  0.66545 7.96102e-11 0.0 0.0 7.96102e-11
 0.66545  0.66678 7.98789e-11 0.0 0.0 7.98789e-11
 0.66678  0.66811 8.01480e-11 0.0 0.0 8.01480e-11
 0.66811  0.66945 8.04175e-11 0.0 0.0 8.04175e-11
 0.66945  0.67079 8.06873e-11 0.0 0.0 8.06873e-11
 0.67079  0.67214 8.09576e-11 0.0 0.0 8.09576e-11
 0.67214  0.67348 8.12282e-11 0.0 0.0 8.12282e-11
 0.67348  0.67483 8.14992e-11 0.0 0.0 8.14992e-11
 0.67483  0.67618 8.17706e-11 0.0 0.0 8.17706e-11
 0.67618  0.67753 8.20423e-11 0.0 0.0 8.20423e-11
 0.67753  0.67889 8.23144e-11 0.0 0.0 8.23144e-11
 0.67889  0.68025 8.25869e-11 0.0 0.0 8.25869e-11
 0.68025  0.68161 8.28597e-11 0.0 0.0 8.28597e-11
 0.68161  0.68298 8.31330e-11 0.0 0.0 8.31330e-11
 0.68298  0.68434 8.34065e-11 0.0 0.0 8.34065e-11
 0.68434  0.68571 8.36804e-11 0.0 0.0 8.36804e-11
 0.68571  0.68709 8.39547e-11 0.0 0.0 8.39547e-11
 0.68709  0.68846 8.42293e-11 0.0 0.0 8.42293e-11
 0.68846  0.68984 8.45043e-11 0.0 0.0 8.45043e-11
 0.68984  0.69122 8.47797e-11 0.0 0.0 8.47797e-11
 0.69122  0.69260 8.50553e-11 0.0 0.0 8.50553e-11
 0.69260  0.69399 8.53314e-11 0.0 0.0 8.53314e-11
 0.69399  0.69538 8.56077e-11 0.0 0.0 8.56077e-11
 0.69538  0.69677 8.58844e-11 0.0 0.0 8.58844e-11
 0.69677  0.69817 8.61614e-11 0.0 0.0 8.61614e-11
 0.69817  0.69957 8.64388e-11 0.0 0.0 8.64388e-11
 0.69957  0.70097 8.67165e-11 0.0 0.0 8.67165e-11
 0.70097  0.70237 8.69945e-11 0.0 0.0 8.69945e-11
 0.70237  0.70378 8.72729e-11 0.0 0.0 8.72729e-11
 0.70378  0.70518 8.75516e-11 0.0 0.0 8.75516e-11
 0.70518  0.70660 8.78306e-11 0.0 0.0 8.78306e-11
 0.70660  0.70801 8.81099e-11 0.0 0.0 8.81099e-11
 0.70801  0.70943 8.83895e-11 0.0 0.0 8.83895e-11
 0.70943  0.71085 8.86695e-11 0.0 0.0 8.86695e-11
 0.71085  0.71227 8.89497e-11 0.0 0.0 8.89497e-11
 0.71227  0.71370 8.92303e-11 0.0 0.0 8.92303e-11
 0.71370  0.71513 8.95112e-11 0.0 0.0 8.95112e-11
 0.71513  0.71656 8.97923e-11 0.0 0.0 8.97923e-11
 0.71656  0.71799 9.00738e-11 0.0 0.0 9.00738e-11
 0.71799  0.71943 9.03556e-11 0.0 0.0 9.03556e-11
 0.71943  0.72087 9.06376e-11 0.0 0.0 9.06376e-11
 0.72087  0.72231 9.09200e-11 0.0 0.0 9.09200e-11
 0.72231  0.72376 9.12026e-11 0.0 0.0 9.12026e-11
 0.72376  0.72521 9.14856e-11 0.0 0.0 9.14856e-11
 0.72521  0.72666 9.17688e-11 0.0 0.0 9.17688e-11
 0.72666  0.72812 9.20523e-11 0.0 0.0 9.20523e-11
 0.72812  0.72957 9.23361e-11 0.0 0.0 9.23361e-11
 0.72957  0.73103 9.26201e-11 0.0 0.0 9.26201e-11
 0.73103  0.73250 9.29045e-11 0.0 0.0 9.29045e-11
 0.73250  0.73396 9.31891e-11 0.0 0.0 9.31891e-11
 0.73396  0.73543 9.34739e-11 0.0 0.0 9.34739e-11
 0.73543  0.73691 9.37591e-11 0.0 0.0 9.37591e-11
 0.73691  0.73838 9.40445e-11 0.0 0.0 9.40445e-11
 0.73838  0.73986 9.43301e-11 0.0 0.0 9.43301e-11
 0.73986  0.74134 9.46160e-11 0.0 0.0 9.46160e-11
 0.74134  0.74282 9.49022e-11 0.0 0.0 9.49022e-11
 0.74282  0.74431 9.51886e-11 0.0 0.0 9.51886e-11
 0.74431  0.74580 9.54753e-11 0.0 0.0 9.54753e-11
 0.74580  0.74729 9.57622e-11 0.0 0.0 9.57622e-11
 0.74729  0.74879 9.60493e-11 0.0 0.0 9.60493e-11
 0.74879  0.75029 9.63367e-11 0.0 0.0 9.63367e-11
 0.75029  0.75179 9.66243e-11 0.0 0.0 9.66243e-11
 0.75179  0.75330 9.69122e-11 0.0 0.0 9.69122e-11
 0.75330  0.75481 9.72003e-11 0.0 0.0 9.72003e-11
 0.75481  0.75632 9.74886e-11 0.0 0.0 9.74886e-11
 0.75632  0.75783 9.77771e-11 0.0 0.0 9.77771e-11
 0.75783  0.75935 9.80659e-11 0.0 0.0 9.80659e-11
 0.75935  0.76087 9.83549e-11 0.0 0.0 9.83549e-11
 0.76087  0.76239 9.86440e-11 0.0 0.0 9.86440e-11
 0.76239  0.76392 9.89335e-11 0.0 0.0 9.89335e-11
 0.76392  0.76545 9.92231e-11 0.0 0.0 9.92231e-11
 0.76545  0.76698 9.95129e-11 0.0 0.0 9.95129e-11
 0.76698  0.76851 9.98029e-11 0.0 0.0 9.98029e-11
 0.76851  0.77005 1.00093e-10 0.0 0.0 1.00093e-10
 0.77005  0.77159 1.00384e-10 0.0 0.0 1.00384e-10
 0.77159  0.77314 1.00674e-10 0.0 0.0 1.00674e-10
 0.77314  0.77469 1.00965e-10 0.0 0.0 1.00965e-10
 0.77469  0.77624 1.01256e-10 0.0 0.0 1.01256e-10
 0.77624  0.77779 1.01547e-10 0.0 0.0 1.01547e-10
 0.77779  0.77935 1.01838e-10 0.0 0.0 1.01838e-10
 0.77935  0.78091 1.02130e-10 0.0 0.0 1.02130e-10
 0.78091  0.78247 1.02422e-10 0.0 0.0 1.02422e-10
 0.78247  0.78404 1.02714e-10 0.0 0.0 1.02714e-10
 0.78404  0.78561 1.03006e-10 0.0 0.0 1.03006e-10
 0.78561  0.78718 1.03298e-10 0.0 0.0 1.03298e-10
 0.78718  0.78876 1.03590e-10 0.0 0.0 1.03590e-10
 0.78876  0.79034 1.03883e-10 0.0 0.0 1.03883e-10
 0.79034  0.79192 1.04175e-10 0.0 0.0 1.04175e-10
 0.79192  0.79350 1.04468e-10 0.0 0.0 1.04468e-10
 0.79350  0.79509 1.04761e-10 0.0 0.0 1.04761e-10
 0.79509  0.79669 1.05054e-10 0.0 0.0 1.05054e-10
 0.79669  0.79828 1.05348e-10 0.0 0.0 1.05348e-10
 0.79828  0.79988 1.05641e-10 0.0 0.0 1.05641e-10
 0.79988  0.80148 1.05935e-10 0.0 0.0 1.05935e-10
 0.80148  0.80308 1.06228e-10 0.0 0.0 1.06228e-10
 0.80308  0.80469 1.06522e-10 0.0 0.0 1.06522e-10
 0.80469  0.80630 1.06816e-10 0.0 0.0 1.06816e-10
 0.80630  0.80792 1.07110e-10 0.0 0.0 1.07110e-10
 0.80792  0.80953 1.07404e-10 0.0 0.0 1.07404e-10
 0.80953  0.81116 1.07698e-10 0.0 0.0 1.07698e-10
 0.81116  0.81278 1.07993e-10 0.0 0.0 1.07993e-10
 0.81278  0.81441 1.08287e-10 0.0 0.0 1.08287e-10
 0.81441  0.81604 1.08582e-10 0.0 0.0 1.08582e-10
 0.81604  0.81767 1.08877e-10 0.0 0.0 1.08877e-10
 0.81767  0.81931 1.09171e-10 0.0 0.0 1.09171e-10
 0.81931  0.82095 1.09466e-10 0.0 0.0 1.09466e-10
 0.82095  0.82259 1.09761e-10 0.0 0.0 1.09761e-10
 0.82259  0.82424 1.10056e-10 0.0 0.0 1.10056e-10
 0.82424  0.82589 1.10352e-10 0.0 0.0 1.10352e-10
 0.82589  0.82754 1.10647e-10 0.0 0.0 1.10647e-10
 0.82754  0.82920 1.10942e-10 0.0 0.0 1.10942e-10
 0.82920  0.83086 1.11238e-10 0.0 0.0 1.11238e-10
 0.83086  0.83252 1.11533e-10 0.0 0.0 1.11533e-10
 0.83252  0.83419 1.11829e-10 0.0 0.0 1.11829e-10
 0.83419  0.83586 1.12124e-10 0.0 0.0 1.12124e-10
 0.83586  0.83753 1.12420e-10 0.0 0.0 1.12420e-10
 0.83753  0.83921 1.12715e-10 0.0 0.0 1.12715e-10
 0.83921  0.84089 1.13011e-10 0.0 0.0 1.13011e-10
 0.84089  0.84257 1.13307e-10 0.0 0.0 1.13307e-10
 0.84257  0.84426 1.13603e-10 0.0 0.0 1.13603e-10
 0.84426  0.84595 1.13899e-10 0.0 0.0 1.13899e-10
 0.84595  0.84764 1.14195e-10 0.0 0.0 1.14195e-10
 0.84764  0.84934 1.14491e-10 0.0 0.0 1.14491e-10
 0.84934  0.85104 1.14787e-10 0.0 0.0 1.14787e-10
 0.85104  0.85274 1.15083e-10 0.0 0.0 1.15083e-10
 0.85274  0.85445 1.15379e-10 0.0 0.0 1.15379e-10
 0.85445  0.85616 1.15675e-10 0.0 0.0 1.15675e-10
 0.85616  0.85788 1.15971e-10 0.0 0.0 1.15971e-10
 0.85788  0.85959 1.16267e-10 0.0 0.0 1.16267e-10
 0.85959  0.86131 1.16563e-10 0.0 0.0 1.16563e-10
 0.86131  0.86304 1.16859e-10 0.0 0.0 1.16859e-10
 0.86304  0.86477 1.17155e-10 0.0 0.0 1.17155e-10
 0.86477  0.86650 1.17451e-10 0.0 0.0 1.17451e-10
 0.86650  0.86823 1.17747e-10 0.0 0.0 1.17747e-10
 0.86823  0.86997 1.18043e-10 0.0 0.0 1.18043e-10
 0.86997  0.87171 1.18339e-10 0.0 0.0 1.18339e-10
 0.87171  0.87346 1.18635e-10 0.0 0.0 1.18635e-10
 0.87346  0.87521 1.18931e-10 0.0 0.0 1.18931e-10
 0.87521  0.87696 1.19227e-10 0.0 0.0 1.19227e-10
 0.87696  0.87871 1.19523e-10 0.0 0.0 1.19523e-10
 0.87871  0.88047 1.19819e-10 0.0 0.0 1.19819e-10
 0.88047  0.88224 1.20115e-10 0.0 0.0 1.20115e-10
 0.88224  0.88400 1.20411e-10 0.0 0.0 1.20411e-10
 0.88400  0.88577 1.20707e-10 0.0 0.0 1.20707e-10
 0.88577  0.88755 1.21003e-10 0.0 0.0 1.21003e-10
 0.88755  0.88932 1.21298e-10 0.0 0.0 1.21298e-10
 0.88932  0.89110 1.21594e-10 0.0 0.0 1.21594e-10
 0.89110  0.89289 1.21890e-10 0.0 0.0 1.21890e-10
 0.89289  0.89467 1.22185e-10 0.0 0.0 1.22185e-10
 0.89467  0.89647 1.22481e-10 0.0 0.0 1.22481e-10
 0.89647  0.89826 1.22776e-10 0.0 0.0 1.22776e-10
 0.89826  0.90006 1.23071e-10 0.0 0.0 1.23071e-10
 0.90006  0.90186 1.23366e-10 0.0 0.0 1.23366e-10
 0.90186  0.90367 1.23662e-10 0.0 0.0 1.23662e-10
 0.90367  0.90547 1.23957e-10 0.0 0.0 1.23957e-10
 0.90547  0.90729 1.24252e-10 0.0 0.0 1.24252e-10
 0.90729  0.90910 1.24546e-10 0.0 0.0 1.24546e-10
 0.90910  0.91092 1.24841e-10 0.0 0.0 1.24841e-10
 0.91092  0.91275 1.25136e-10 0.0 0.0 1.25136e-10
 0.91275  0.91457 1.25430e-10 0.0 0.0 1.25430e-10
 0.91457  0.91641 1.25725e-10 0.0 0.0 1.25725e-10
 0.91641  0.91824 1.26019e-10 0.0 0.0 1.26019e-10
 0.91824  0.92008 1.26313e-10 0.0 0.0 1.26313e-10
 0.92008  0.92192 1.26607e-10 0.0 0.0 1.26607e-10
 0.92192  0.92377 1.26901e-10 0.0 0.0 1.26901e-10
 0.92377  0.92562 1.27195e-10 0.0 0.0 1.27195e-10
 0.92562  0.92747 1.27489e-10 0.0 0.0 1.27489e-10
 0.92747  0.92933 1.27782e-10 0.0 0.0 1.27782e-10
 0.92933  0.93119 1.28076e-10 0.0 0.0 1.28076e-10
 0.93119  0.93305 1.28369e-10 0.0 0.0 1.28369e-10
 0.93305  0.93492 1.28662e-10 0.0 0.0 1.28662e-10
 0.93492  0.93679 1.28955e-10 0.0 0.0 1.28955e-10
 0.93679  0.93867 1.29248e-10 0.0 0.0 1.29248e-10
 0.93867  0.94054 1.29540e-10 0.0 0.0 1.29540e-10
 0.94054  0.94243 1.29833e-10 0.0 0.0 1.29833e-10
 0.94243  0.94431 1.30125e-10 0.0 0.0 1.30125e-10
 0.94431  0.94621 1.30417e-10 0.0 0.0 1.30417e-10
 0.94621  0.94810 1.30709e-10 0.0 0.0 1.30709e-10
 0.94810  0.95000 1.31001e-10 0.0 0.0 1.31001e-10
 0.95000  0.95190 1.31292e-10 0.0 0.0 1.31292e-10
 0.95190  0.95381 1.31584e-10 0.0 0.0 1.31584e-10
 0.95381  0.95571 1.31875e-10 0.0 0.0 1.31875e-10
 0.95571  0.95763 1.32166e-10 0.0 0.0 1.32166e-10
 0.95763  0.95955 1.32457e-10 0.0 0.0 1.32457e-10
 0.95955  0.96147 1.32747e-10 0.0 0.0 1.32747e-10
 0.96147  0.96339 1.33038e-10 0.0 0.0 1.33038e-10
 0.96339  0.96532 1.33328e-10 0.0 0.0 1.33328e-10
 0.96532  0.96725 1.33618e-10 0.0 0.0 1.33618e-10
 0.96725  0.96919 1.33907e-10 0.0 0.0 1.33907e-10
 0.96919  0.97113 1.34197e-10 0.0 0.0 1.34197e-10
 0.97113  0.97307 1.34486e-10 0.0 0.0 1.34486e-10
 0.97307  0.97502 1.34775e-10 0.0 0.0 1.34775e-10
 0.97502  0.97697 1.35064e-10 0.0 0.0 1.35064e-10
 0.97697  0.97893 1.35352e-10 0.0 0.0 1.35352e-10
 0.97893  0.98089 1.35640e-10 0.0 0.0 1.35640e-10
 0.98089  0.98285 1.35928e-10 0.0 0.0 1.35928e-10
 0.98285  0.98482 1.36216e-10 0.0 0.0 1.36216e-10
 0.98482  0.98679 1.36503e-10 0.0 0.0 1.36503e-10
 0.98679  0.98877 1.36791e-10 0.0 0.0 1.36791e-10
 0.98877  0.99075 1.37078e-10 0.0 0.0 1.37078e-10
 0.99075  0.99273 1.37364e-10 0.0 0.0 1.37364e-10
 0.99273  0.99472 1.37651e-10 0.0 0.0 1.37651e-10
 0.99472  0.99671 1.37937e-10 0.0 0.0 1.37937e-10
 0.99671  0.99871 1.38222e-10 0.0 0.0 1.38222e-10
 0.99871  1.00070 1.38508e-10 0.0 0.0 1.38508e-10
 1.00070  1.00271 1.38793e-10 0.0 0.0 1.38793e-10
 1.00271  1.00472 1.39078e-10 0.0 0.0 1.39078e-10
 1.00472  1.00673 1.39363e-10 0.0 0.0 1.39363e-10
 1.00673  1.00874 1.39647e-10 0.0 0.0 1.39647e-10
 1.00874  1.01076 1.39931e-10 0.0 0.0 1.39931e-10
 1.01076  1.01279 1.40215e-10 0.0 0.0 1.40215e-10
 1.01279  1.01481 1.40498e-10 0.0 0.0 1.40498e-10
 1.01481  1.01684 1.40781e-10 0.0 0.0 1.40781e-10
 1.01684  1.01888 1.41064e-10 0.0 0.0 1.41064e-10
 1.01888  1.02092 1.41346e-10 0.0 0.0 1.41346e-10
 1.02092  1.02296 1.41628e-10 0.0 0.0 1.41628e-10
 1.02296  1.02501 1.41910e-10 0.0 0.0 1.41910e-10
 1.02501  1.02706 1.42191e-10 0.0 0.0 1.42191e-10
 1.02706  1.02912 1.42472e-10 0.0 0.0 1.42472e-10
 1.02912  1.03118 1.42753e-10 0.0 0.0 1.42753e-10
 1.03118  1.03324 1.43033e-10 0.0 0.0 1.43033e-10
 1.03324  1.03531 1.43313e-10 0.0 0.0 1.43313e-10
 1.03531  1.03739 1.43592e-10 0.0 0.0 1.43592e-10
 1.03739  1.03946 1.43871e-10 0.0 0.0 1.43871e-10
 1.03946  1.04154 1.44150e-10 0.0 0.0 1.44150e-10
 1.04154  1.04363 1.44429e-10 0.0 0.0 1.44429e-10
 1.04363  1.04572 1.44707e-10 0.0 0.0 1.44707e-10
 1.04572  1.04781 1.44984e-10 0.0 0.0 1.44984e-10
 1.04781  1.04991 1.45261e-10 0.0 0.0 1.45261e-10
 1.04991  1.05201 1.45538e-10 0.0 0.0 1.45538e-10
 1.05201  1.05412 1.45815e-10 0.0 0.0 1.45815e-10
 1.05412  1.05623 1.46091e-10 0.0 0.0 1.46091e-10
 1.05623  1.05834 1.46366e-10 0.0 0.0 1.46366e-10
 1.05834  1.06046 1.46642e-10 0.0 0.0 1.46642e-10
 1.06046  1.06258 1.46916e-10 0.0 0.0 1.46916e-10
 1.06258  1.06471 1.47191e-10 0.0 0.0 1.47191e-10
 1.06471  1.06684 1.47465e-10 0.0 0.0 1.47465e-10
 1.06684  1.06898 1.47738e-10 0.0 0.0 1.47738e-10
 1.06898  1.07112 1.48011e-10 0.0 0.0 1.48011e-10
 1.07112  1.07326 1.48284e-10 0.0 0.0 1.48284e-10
 1.07326  1.07541 1.48556e-10 0.0 0.0 1.48556e-10
 1.07541  1.07757 1.48828e-10 0.0 0.0 1.48828e-10
 1.07757  1.07972 1.49099e-10 0.0 0.0 1.49099e-10
 1.07972  1.08188 1.49370e-10 0.0 0.0 1.49370e-10
 1.08188  1.08405 1.49640e-10 0.0 0.0 1.49640e-10
 1.08405  1.08622 1.49910e-10 0.0 0.0 1.49910e-10
 1.08622  1.08840 1.50180e-10 0.0 0.0 1.50180e-10
 1.08840  1.09057 1.50449e-10 0.0 0.0 1.50449e-10
 1.09057  1.09276 1.50717e-10 0.0 0.0 1.50717e-10
 1.09276  1.09495 1.50985e-10 0.0 0.0 1.50985e-10
 1.09495  1.09714 1.51253e-10 0.0 0.0 1.51253e-10
 1.09714  1.09933 1.51520e-10 0.0 0.0 1.51520e-10
 1.09933  1.10153 1.51786e-10 0.0 0.0 1.51786e-10
 1.10153  1.10374 1.52052e-10 0.0 0.0 1.52052e-10
 1.10374  1.10595 1.52318e-10 0.0 0.0 1.52318e-10
 1.10595  1.10816 1.52583e-10 0.0 0.0 1.52583e-10
 1.10816  1.11038 1.52847e-10 0.0 0.0 1.52847e-10
 1.11038  1.11261 1.53111e-10 0.0 0.0 1.53111e-10
 1.11261  1.11483 1.53375e-10 0.0 0.0 1.53375e-10
 1.11483  1.11706 1.53638e-10 0.0 0.0 1.53638e-10
 1.11706  1.11930 1.53900e-10 0.0 0.0 1.53900e-10
 1.11930  1.12154 1.54162e-10 0.0 0.0 1.54162e-10
 1.12154  1.12379 1.54423e-10 0.0 0.0 1.54423e-10
 1.12379  1.12604 1.54684e-10 0.0 0.0 1.54684e-10
 1.12604  1.12829 1.54945e-10 0.0 0.0 1.54945e-10
 1.12829  1.13055 1.55204e-10 0.0 0.0 1.55204e-10
 1.13055  1.13281 1.55463e-10 0.0 0.0 1.55463e-10
 1.13281  1.13508 1.55722e-10 0.0 0.0 1.55722e-10
 1.13508  1.13735 1.55980e-10 0.0 0.0 1.55980e-10
 1.13735  1.13963 1.56238e-10 0.0 0.0 1.56238e-10
 1.13963  1.14191 1.56495e-10 0.0 0.0 1.56495e-10
 1.14191  1.14420 1.56751e-10 0.0 0.0 1.56751e-10
 1.14420  1.14649 1.57007e-10 0.0 0.0 1.57007e-10
 1.14649  1.14878 1.57262e-10 0.0 0.0 1.57262e-10
 1.14878  1.15108 1.57517e-10 0.0 0.0 1.57517e-10
 1.15108  1.15339 1.57771e-10 0.0 0.0 1.57771e-10
 1.15339  1.15570 1.58024e-10 0.0 0.0 1.58024e-10
 1.15570  1.15801 1.58277e-10 0.0 0.0 1.58277e-10
 1.15801  1.16033 1.58529e-10 0.0 0.0 1.58529e-10
 1.16033  1.16265 1.58781e-10 0.0 0.0 1.58781e-10
 1.16265  1.16498 1.59032e-10 0.0 0.0 1.59032e-10
 1.16498  1.16731 1.59282e-10 0.0 0.0 1.59282e-10
 1.16731  1.16965 1.59532e-10 0.0 0.0 1.59532e-10
 1.16965  1.17199 1.59781e-10 0.0 0.0 1.59781e-10
 1.17199  1.17434 1.60030e-10 0.0 0.0 1.60030e-10
 1.17434  1.17669 1.60277e-10 0.0 0.0 1.60277e-10
 1.17669  1.17904 1.60525e-10 0.0 0.0 1.60525e-10
 1.17904  1.18140 1.60771e-10 0.0 0.0 1.60771e-10
 1.18140  1.18377 1.61017e-10 0.0 0.0 1.61017e-10
 1.18377  1.18614 1.61263e-10 0.0 0.0 1.61263e-10
 1.18614  1.18851 1.61507e-10 0.0 0.0 1.61507e-10
 1.18851  1.19089 1.61751e-10 0.0 0.0 1.61751e-10
 1.19089  1.19328 1.61995e-10 0.0 0.0 1.61995e-10
 1.19328  1.19567 1.62237e-10 0.0 0.0 1.62237e-10
 1.19567  1.19806 1.62479e-10 0.0 0.0 1.62479e-10
 1.19806  1.20046 1.62721e-10 0.0 0.0 1.62721e-10
 1.20046  1.20286 1.62961e-10 0.0 0.0 1.62961e-10
 1.20286  1.20527 1.63202e-10 0.0 0.0 1.63202e-10
 1.20527  1.20768 1.63441e-10 0.0 0.0 1.63441e-10
 1.20768  1.21010 1.63679e-10 0.0 0.0 1.63679e-10
 1.21010  1.21252 1.63917e-10 0.0 0.0 1.63917e-10
 1.21252  1.21495 1.64155e-10 0.0 0.0 1.64155e-10
 1.21495  1.21738 1.64391e-10 0.0 0.0 1.64391e-10
 1.21738  1.21982 1.64627e-10 0.0 0.0 1.64627e-10
 1.21982  1.22226 1.64862e-10 0.0 0.0 1.64862e-10
 1.22226  1.22471 1.65097e-10 0.0 0.0 1.65097e-10
 1.22471  1.22716 1.65330e-10 0.0 0.0 1.65330e-10
 1.22716  1.22962 1.65563e-10 0.0 0.0 1.65563e-10
 1.22962  1.23208 1.65796e-10 0.0 0.0 1.65796e-10
 1.23208  1.23455 1.66027e-10 0.0 0.0 1.66027e-10
 1.23455  1.23702 1.66258e-10 0.0 0.0 1.66258e-10
 1.23702  1.23950 1.66488e-10 0.0 0.0 1.66488e-10
 1.23950  1.24198 1.66717e-10 0.0 0.0 1.66717e-10
 1.24198  1.24446 1.66946e-10 0.0 0.0 1.66946e-10
 1.24446  1.24695 1.67174e-10 0.0 0.0 1.67174e-10
 1.24695  1.24945 1.67401e-10 0.0 0.0 1.67401e-10
 1.24945  1.25195 1.67627e-10 0.0 0.0 1.67627e-10
 1.25195  1.25446 1.67853e-10 0.0 0.0 1.67853e-10
 1.25446  1.25697 1.68078e-10 0.0 0.0 1.68078e-10
 1.25697  1.25949 1.68302e-10 0.0 0.0 1.68302e-10
 1.25949  1.26201 1.68525e-10 0.0 0.0 1.68525e-10
 1.26201  1.26453 1.68748e-10 0.0 0.0 1.68748e-10
 1.26453  1.26707 1.68970e-10 0.0 0.0 1.68970e-10
 1.26707  1.26960 1.69190e-10 0.0 0.0 1.69190e-10
 1.26960  1.27214 1.69411e-10 0.0 0.0 1.69411e-10
 1.27214  1.27469 1.69630e-10 0.0 0.0 1.69630e-10
 1.27469  1.27724 1.69849e-10 0.0 0.0 1.69849e-10
 1.27724  1.27980 1.70067e-10 0.0 0.0 1.70067e-10
 1.27980  1.28236 1.70284e-10 0.0 0.0 1.70284e-10
 1.28236  1.28493 1.70500e-10 0.0 0.0 1.70500e-10
 1.28493  1.28750 1.70715e-10 0.0 0.0 1.70715e-10
 1.28750  1.29008 1.70930e-10 0.0 0.0 1.70930e-10
 1.29008  1.29266 1.71144e-10 0.0 0.0 1.71144e-10
 1.29266  1.29525 1.71356e-10 0.0 0.0 1.71356e-10
 1.29525  1.29784 1.71569e-10 0.0 0.0 1.71569e-10
 1.29784  1.30044 1.71780e-10 0.0 0.0 1.71780e-10
 1.30044  1.30305 1.71990e-10 0.0 0.0 1.71990e-10
 1.30305  1.30565 1.72200e-10 0.0 0.0 1.72200e-10
 1.30565  1.30827 1.72409e-10 0.0 0.0 1.72409e-10
 1.30827  1.31089 1.72617e-10 0.0 0.0 1.72617e-10
 1.31089  1.31351 1.72824e-10 0.0 0.0 1.72824e-10
 1.31351  1.31614 1.73030e-10 0.0 0.0 1.73030e-10
 1.31614  1.31878 1.73236e-10 0.0 0.0 1.73236e-10
 1.31878  1.32142 1.73440e-10 0.0 0.0 1.73440e-10
 1.32142  1.32406 1.73644e-10 0.0 0.0 1.73644e-10
 1.32406  1.32671 1.73847e-10 0.0 0.0 1.73847e-10
 1.32671  1.32937 1.74049e-10 0.0 0.0 1.74049e-10
 1.32937  1.33203 1.74250e-10 0.0 0.0 1.74250e-10
 1.33203  1.33470 1.74450e-10 0.0 0.0 1.74450e-10
 1.33470  1.33737 1.74650e-10 0.0 0.0 1.74650e-10
 1.33737  1.34005 1.74848e-10 0.0 0.0 1.74848e-10
 1.34005  1.34273 1.75046e-10 0.0 0.0 1.75046e-10
 1.34273  1.34542 1.75243e-10 0.0 0.0 1.75243e-10
 1.34542  1.34811 1.75439e-10 0.0 0.0 1.75439e-10
 1.34811  1.35081 1.75634e-10 0.0 0.0 1.75634e-10
 1.35081  1.35351 1.75828e-10 0.0 0.0 1.75828e-10
 1.35351  1.35622 1.76021e-10 0.0 0.0 1.76021e-10
 1.35622  1.35894 1.76213e-10 0.0 0.0 1.76213e-10
 1.35894  1.36166 1.76405e-10 0.0 0.0 1.76405e-10
 1.36166  1.36439 1.76595e-10 0.0 0.0 1.76595e-10
 1.36439  1.36712 1.76785e-10 0.0 0.0 1.76785e-10
 1.36712  1.36985 1.76973e-10 0.0 0.0 1.76973e-10
 1.36985  1.37260 1.77161e-10 0.0 0.0 1.77161e-10
 1.37260  1.37534 1.77348e-10 0.0 0.0 1.77348e-10
 1.37534  1.37810 1.77534e-10 0.0 0.0 1.77534e-10
 1.37810  1.38086 1.77719e-10 0.0 0.0 1.77719e-10
 1.38086  1.38362 1.77903e-10 0.0 0.0 1.77903e-10
 1.38362  1.38639 1.78086e-10 0.0 0.0 1.78086e-10
 1.38639  1.38917 1.78268e-10 0.0 0.0 1.78268e-10
 1.38917  1.39195 1.78449e-10 0.0 0.0 1.78449e-10
 1.39195  1.39473 1.78629e-10 0.0 0.0 1.78629e-10
 1.39473  1.39753 1.78809e-10 0.0 0.0 1.78809e-10
 1.39753  1.40032 1.78987e-10 0.0 0.0 1.78987e-10
 1.40032  1.40313 1.79164e-10 0.0 0.0 1.79164e-10
 1.40313  1.40594 1.79341e-10 0.0 0.0 1.79341e-10
 1.40594  1.40875 1.79516e-10 0.0 0.0 1.79516e-10
 1.40875  1.41157 1.79691e-10 0.0 0.0 1.79691e-10
 1.41157  1.41440 1.79864e-10 0.0 0.0 1.79864e-10
 1.41440  1.41723 1.80037e-10 0.0 0.0 1.80037e-10
 1.41723  1.42007 1.80209e-10 0.0 0.0 1.80209e-10
 1.42007  1.42291 1.80379e-10 0.0 0.0 1.80379e-10
 1.42291  1.42576 1.80549e-10 0.0 0.0 1.80549e-10
 1.42576  1.42861 1.80718e-10 0.0 0.0 1.80718e-10
 1.42861  1.43147 1.80885e-10 0.0 0.0 1.80885e-10
 1.43147  1.43434 1.81052e-10 0.0 0.0 1.81052e-10
 1.43434  1.43721 1.81218e-10 0.0 0.0 1.81218e-10
 1.43721  1.44009 1.81382e-10 0.0 0.0 1.81382e-10
 1.44009  1.44297 1.81546e-10 0.0 0.0 1.81546e-10
 1.44297  1.44586 1.81709e-10 0.0 0.0 1.81709e-10
 1.44586  1.44875 1.81871e-10 0.0 0.0 1.81871e-10
 1.44875  1.45165 1.82031e-10 0.0 0.0 1.82031e-10
 1.45165  1.45456 1.82191e-10 0.0 0.0 1.82191e-10
 1.45456  1.45747 1.82350e-10 0.0 0.0 1.82350e-10
 1.45747  1.46039 1.82507e-10 0.0 0.0 1.82507e-10
 1.46039  1.46331 1.82664e-10 0.0 0.0 1.82664e-10
 1.46331  1.46624 1.82820e-10 0.0 0.0 1.82820e-10
 1.46624  1.46918 1.82974e-10 0.0 0.0 1.82974e-10
 1.46918  1.47212 1.83128e-10 0.0 0.0 1.83128e-10
 1.47212  1.47507 1.83280e-10 0.0 0.0 1.83280e-10
 1.47507  1.47802 1.83432e-10 0.0 0.0 1.83432e-10
 1.47802  1.48098 1.83583e-10 0.0 0.0 1.83583e-10
 1.48098  1.48395 1.83732e-10 0.0 0.0 1.83732e-10
 1.48395  1.48692 1.83880e-10 0.0 0.0 1.83880e-10
 1.48692  1.48989 1.84028e-10 0.0 0.0 1.84028e-10
 1.48989  1.49288 1.84174e-10 0.0 0.0 1.84174e-10
 1.49288  1.49586 1.84319e-10 0.0 0.0 1.84319e-10
 1.49586  1.49886 1.84464e-10 0.0 0.0 1.84464e-10
 1.49886  1.50186 1.84607e-10 0.0 0.0 1.84607e-10
 1.50186  1.50487 1.84749e-10 0.0 0.0 1.84749e-10
 1.50487  1.50788 1.84890e-10 0.0 0.0 1.84890e-10
 1.50788  1.51090 1.85030e-10 0.0 0.0 1.85030e-10
 1.51090  1.51392 1.85169e-10 0.0 0.0 1.85169e-10
 1.51392  1.51695 1.85307e-10 0.0 0.0 1.85307e-10
 1.51695  1.51999 1.85444e-10 0.0 0.0 1.85444e-10
 1.51999  1.52303 1.85580e-10 0.0 0.0 1.85580e-10
 1.52303  1.52608 1.85714e-10 0.0 0.0 1.85714e-10
 1.52608  1.52914 1.85848e-10 0.0 0.0 1.85848e-10
 1.52914  1.53220 1.85981e-10 0.0 0.0 1.85981e-10
 1.53220  1.53527 1.86112e-10 0.0 0.0 1.86112e-10
 1.53527  1.53834 1.86242e-10 0.0 0.0 1.86242e-10
 1.53834  1.54142 1.86372e-10 0.0 0.0 1.86372e-10
 1.54142  1.54451 1.86500e-10 0.0 0.0 1.86500e-10
 1.54451  1.54760 1.86627e-10 0.0 0.0 1.86627e-10
 1.54760  1.55070 1.86753e-10 0.0 0.0 1.86753e-10
 1.55070  1.55380 1.86878e-10 0.0 0.0 1.86878e-10
 1.55380  1.55691 1.87002e-10 0.0 0.0 1.87002e-10
 1.55691  1.56003 1.87125e-10 0.0 0.0 1.87125e-10
 1.56003  1.56315 1.87246e-10 0.0 0.0 1.87246e-10
 1.56315  1.56628 1.87367e-10 0.0 0.0 1.87367e-10
 1.56628  1.56942 1.87486e-10 0.0 0.0 1.87486e-10
 1.56942  1.57256 1.87605e-10 0.0 0.0 1.87605e-10
 1.57256  1.57571 1.87722e-10 0.0 0.0 1.87722e-10
 1.57571  1.57886 1.87838e-10 0.0 0.0 1.87838e-10
 1.57886  1.58202 1.87953e-10 0.0 0.0 1.87953e-10
 1.58202  1.58519 1.88067e-10 0.0 0.0 1.88067e-10
 1.58519  1.58836 1.88180e-10 0.0 0.0 1.88180e-10
 1.58836  1.59154 1.88292e-10 0.0 0.0 1.88292e-10
 1.59154  1.59473 1.88402e-10 0.0 0.0 1.88402e-10
 1.59473  1.59792 1.88511e-10 0.0 0.0 1.88511e-10
 1.59792  1.60112 1.88620e-10 0.0 0.0 1.88620e-10
 1.60112  1.60433 1.88727e-10 0.0 0.0 1.88727e-10
 1.60433  1.60754 1.88833e-10 0.0 0.0 1.88833e-10
 1.60754  1.61076 1.88938e-10 0.0 0.0 1.88938e-10
 1.61076  1.61398 1.89042e-10 0.0 0.0 1.89042e-10
 1.61398  1.61721 1.89144e-10 0.0 0.0 1.89144e-10
 1.61721  1.62045 1.89246e-10 0.0 0.0 1.89246e-10
 1.62045  1.62369 1.89346e-10 0.0 0.0 1.89346e-10
 1.62369  1.62695 1.89445e-10 0.0 0.0 1.89445e-10
 1.62695  1.63020 1.89544e-10 0.0 0.0 1.89544e-10
 1.63020  1.63347 1.89640e-10 0.0 0.0 1.89640e-10
 1.63347  1.63674 1.89736e-10 0.0 0.0 1.89736e-10
 1.63674  1.64001 1.89831e-10 0.0 0.0 1.89831e-10
 1.64001  1.64330 1.89924e-10 0.0 0.0 1.89924e-10
 1.64330  1.64659 1.90017e-10 0.0 0.0 1.90017e-10
 1.64659  1.64988 1.90108e-10 0.0 0.0 1.90108e-10
 1.64988  1.65319 1.90198e-10 0.0 0.0 1.90198e-10
 1.65319  1.65650 1.90287e-10 0.0 0.0 1.90287e-10
 1.65650  1.65981 1.90375e-10 0.0 0.0 1.90375e-10
 1.65981  1.66313 1.90461e-10 0.0 0.0 1.90461e-10
 1.66313  1.66646 1.90547e-10 0.0 0.0 1.90547e-10
 1.66646  1.66980 1.90631e-10 0.0 0.0 1.90631e-10
 1.66980  1.67314 1.90714e-10 0.0 0.0 1.90714e-10
 1.67314  1.67649 1.90796e-10 0.0 0.0 1.90796e-10
 1.67649  1.67985 1.90877e-10 0.0 0.0 1.90877e-10
 1.67985  1.68321 1.90956e-10 0.0 0.0 1.90956e-10
 1.68321  1.68658 1.91035e-10 0.0 0.0 1.91035e-10
 1.68658  1.68996 1.91112e-10 0.0 0.0 1.91112e-10
 1.68996  1.69334 1.91188e-10 0.0 0.0 1.91188e-10
 1.69334  1.69673 1.91263e-10 0.0 0.0 1.91263e-10
 1.69673  1.70013 1.91337e-10 0.0 0.0 1.91337e-10
 1.70013  1.70353 1.91409e-10 0.0 0.0 1.91409e-10
 1.70353  1.70694 1.91481e-10 0.0 0.0 1.91481e-10
 1.70694  1.71036 1.91551e-10 0.0 0.0 1.91551e-10
 1.71036  1.71378 1.91620e-10 0.0 0.0 1.91620e-10
 1.71378  1.71722 1.91688e-10 0.0 0.0 1.91688e-10
 1.71722  1.72065 1.91754e-10 0.0 0.0 1.91754e-10
 1.72065  1.72410 1.91820e-10 0.0 0.0 1.91820e-10
 1.72410  1.72755 1.91884e-10 0.0 0.0 1.91884e-10
 1.72755  1.73101 1.91947e-10 0.0 0.0 1.91947e-10
 1.73101  1.73447 1.92009e-10 0.0 0.0 1.92009e-10
 1.73447  1.73795 1.92070e-10 0.0 0.0 1.92070e-10
 1.73795  1.74143 1.92129e-10 0.0 0.0 1.92129e-10
 1.74143  1.74491 1.92188e-10 0.0 0.0 1.92188e-10
 1.74491  1.74841 1.92245e-10 0.0 0.0 1.92245e-10
 1.74841  1.75191 1.92301e-10 0.0 0.0 1.92301e-10
 1.75191  1.75541 1.92356e-10 0.0 0.0 1.92356e-10
 1.75541  1.75893 1.92409e-10 0.0 0.0 1.92409e-10
 1.75893  1.76245 1.92462e-10 0.0 0.0 1.92462e-10
 1.76245  1.76598 1.92513e-10 0.0 0.0 1.92513e-10
 1.76598  1.76951 1.92563e-10 0.0 0.0 1.92563e-10
 1.76951  1.77306 1.92612e-10 0.0 0.0 1.92612e-10
 1.77306  1.77660 1.92659e-10 0.0 0.0 1.92659e-10
 1.77660  1.78016 1.92706e-10 0.0 0.0 1.92706e-10
 1.78016  1.78373 1.92751e-10 0.0 0.0 1.92751e-10
 1.78373  1.78730 1.92795e-10 0.0 0.0 1.92795e-10
 1.78730  1.79087 1.92838e-10 0.0 0.0 1.92838e-10
 1.79087  1.79446 1.92879e-10 0.0 0.0 1.92879e-10
 1.79446  1.79805 1.92920e-10 0.0 0.0 1.92920e-10
 1.79805  1.80165 1.92959e-10 0.0 0.0 1.92959e-10
 1.80165  1.80526 1.92997e-10 0.0 0.0 1.92997e-10
 1.80526  1.80887 1.93034e-10 0.0 0.0 1.93034e-10
 1.80887  1.81249 1.93069e-10 0.0 0.0 1.93069e-10
 1.81249  1.81612 1.93103e-10 0.0 0.0 1.93103e-10
 1.81612  1.81976 1.93137e-10 0.0 0.0 1.93137e-10
 1.81976  1.82340 1.93168e-10 0.0 0.0 1.93168e-10
 1.82340  1.82705 1.93199e-10 0.0 0.0 1.93199e-10
 1.82705  1.83071 1.93229e-10 0.0 0.0 1.93229e-10
 1.83071  1.83438 1.93257e-10 0.0 0.0 1.93257e-10
 1.83438  1.83805 1.93284e-10 0.0 0.0 1.93284e-10
 1.83805  1.84173 1.93310e-10 0.0 0.0 1.93310e-10
 1.84173  1.84541 1.93335e-10 0.0 0.0 1.93335e-10
 1.84541  1.84911 1.93358e-10 0.0 0.0 1.93358e-10
 1.84911  1.85281 1.93380e-10 0.0 0.0 1.93380e-10
 1.85281  1.85652 1.93401e-10 0.0 0.0 1.93401e-10
 1.85652  1.86024 1.93421e-10 0.0 0.0 1.93421e-10
 1.86024  1.86396 1.93440e-10 0.0 0.0 1.93440e-10
 1.86396  1.86769 1.93457e-10 0.0 0.0 1.93457e-10
 1.86769  1.87143 1.93473e-10 0.0 0.0 1.93473e-10
 1.87143  1.87518 1.93488e-10 0.0 0.0 1.93488e-10
 1.87518  1.87893 1.93502e-10 0.0 0.0 1.93502e-10
 1.87893  1.88269 1.93515e-10 0.0 0.0 1.93515e-10
 1.88269  1.88646 1.93526e-10 0.0 0.0 1.93526e-10
 1.88646  1.89024 1.93536e-10 0.0 0.0 1.93536e-10
 1.89024  1.89402 1.93545e-10 0.0 0.0 1.93545e-10
 1.89402  1.89782 1.93553e-10 0.0 0.0 1.93553e-10
 1.89782  1.90162 1.93559e-10 0.0 0.0 1.93559e-10
 1.90162  1.90542 1.93564e-10 0.0 0.0 1.93564e-10
 1.90542  1.90924 1.93568e-10 0.0 0.0 1.93568e-10
 1.90924  1.91306 1.93571e-10 0.0 0.0 1.93571e-10
 1.91306  1.91689 1.93573e-10 0.0 0.0 1.93573e-10
 1.91689  1.92073 1.93573e-10 0.0 0.0 1.93573e-10
 1.92073  1.92457 1.93572e-10 0.0 0.0 1.93572e-10
 1.92457  1.92843 1.93570e-10 0.0 0.0 1.93570e-10
 1.92843  1.93229 1.93567e-10 0.0 0.0 1.93567e-10
 1.93229  1.93616 1.93563e-10 0.0 0.0 1.93563e-10
 1.93616  1.94003 1.93557e-10 0.0 0.0 1.93557e-10
 1.94003  1.94392 1.93550e-10 0.0 0.0 1.93550e-10
 1.94392  1.94781 1.93542e-10 0.0 0.0 1.93542e-10
 1.94781  1.95171 1.93532e-10 0.0 0.0 1.93532e-10
 1.95171  1.95561 1.93522e-10 0.0 0.0 1.93522e-10
 1.95561  1.95953 1.93510e-10 0.0 0.0 1.93510e-10
 1.95953  1.96345 1.93497e-10 0.0 0.0 1.93497e-10
 1.96345  1.96738 1.93483e-10 0.0 0.0 1.93483e-10
 1.96738  1.97132 1.93468e-10 0.0 0.0 1.93468e-10
 1.97132  1.97527 1.93451e-10 0.0 0.0 1.93451e-10
 1.97527  1.97922 1.93433e-10 0.0 0.0 1.93433e-10
 1.97922  1.98319 1.93414e-10 0.0 0.0 1.93414e-10
 1.98319  1.98716 1.93394e-10 0.0 0.0 1.93394e-10
 1.98716  1.99113 1.93372e-10 0.0 0.0 1.93372e-10
 1.99113  1.99512 1.93350e-10 0.0 0.0 1.93350e-10
 1.99512  1.99911 1.93326e-10 0.0 0.0 1.93326e-10
 1.99911  2.00312 1.93301e-10 0.0 0.0 1.93301e-10
 2.00312  2.00713 1.93274e-10 0.0 0.0 1.93274e-10
 2.00713  2.01114 1.93247e-10 0.0 0.0 1.93247e-10
 2.01114  2.01517 1.93218e-10 0.0 0.0 1.93218e-10
 2.01517  2.01921 1.93188e-10 0.0 0.0 1.93188e-10
 2.01921  2.02325 1.93157e-10 0.0 0.0 1.93157e-10
 2.02325  2.02730 1.93125e-10 0.0 0.0 1.93125e-10
 2.02730  2.03136 1.93091e-10 0.0 0.0 1.93091e-10
 2.03136  2.03542 1.93056e-10 0.0 0.0 1.93056e-10
 2.03542  2.03950 1.93020e-10 0.0 0.0 1.93020e-10
 2.03950  2.04358 1.92983e-10 0.0 0.0 1.92983e-10
 2.04358  2.04767 1.92945e-10 0.0 0.0 1.92945e-10
 2.04767  2.05177 1.92905e-10 0.0 0.0 1.92905e-10
 2.05177  2.05588 1.92864e-10 0.0 0.0 1.92864e-10
 2.05588  2.06000 1.92822e-10 0.0 0.0 1.92822e-10
 2.06000  2.06412 1.92779e-10 0.0 0.0 1.92779e-10
 2.06412  2.06825 1.92735e-10 0.0 0.0 1.92735e-10
 2.06825  2.07239 1.92689e-10 0.0 0.0 1.92689e-10
 2.07239  2.07654 1.92642e-10 0.0 0.0 1.92642e-10
 2.07654  2.08070 1.92594e-10 0.0 0.0 1.92594e-10
 2.08070  2.08487 1.92545e-10 0.0 0.0 1.92545e-10
 2.08487  2.08904 1.92495e-10 0.0 0.0 1.92495e-10
 2.08904  2.09322 1.92443e-10 0.0 0.0 1.92443e-10
 2.09322  2.09741 1.92390e-10 0.0 0.0 1.92390e-10
 2.09741  2.10161 1.92336e-10 0.0 0.0 1.92336e-10
 2.10161  2.10582 1.92281e-10 0.0 0.0 1.92281e-10
 2.10582  2.11003 1.92225e-10 0.0 0.0 1.92225e-10
 2.11003  2.11426 1.92167e-10 0.0 0.0 1.92167e-10
 2.11426  2.11849 1.92109e-10 0.0 0.0 1.92109e-10
 2.11849  2.12273 1.92049e-10 0.0 0.0 1.92049e-10
 2.12273  2.12698 1.91988e-10 0.0 0.0 1.91988e-10
 2.12698  2.13124 1.91925e-10 0.0 0.0 1.91925e-10
 2.13124  2.13551 1.91862e-10 0.0 0.0 1.91862e-10
 2.13551  2.13978 1.91797e-10 0.0 0.0 1.91797e-10
 2.13978  2.14407 1.91731e-10 0.0 0.0 1.91731e-10
 2.14407  2.14836 1.91664e-10 0.0 0.0 1.91664e-10
 2.14836  2.15266 1.91596e-10 0.0 0.0 1.91596e-10
 2.15266  2.15697 1.91527e-10 0.0 0.0 1.91527e-10
 2.15697  2.16129 1.91456e-10 0.0 0.0 1.91456e-10
 2.16129  2.16561 1.91385e-10 0.0 0.0 1.91385e-10
 2.16561  2.16995 1.91312e-10 0.0 0.0 1.91312e-10
 2.16995  2.17429 1.91238e-10 0.0 0.0 1.91238e-10
 2.17429  2.17865 1.91162e-10 0.0 0.0 1.91162e-10
 2.17865  2.18301 1.91086e-10 0.0 0.0 1.91086e-10
 2.18301  2.18738 1.91008e-10 0.0 0.0 1.91008e-10
 2.18738  2.19176 1.90930e-10 0.0 0.0 1.90930e-10
 2.19176  2.19615 1.90850e-10 0.0 0.0 1.90850e-10
 2.19615  2.20054 1.90769e-10 0.0 0.0 1.90769e-10
 2.20054  2.20495 1.90687e-10 0.0 0.0 1.90687e-10
 2.20495  2.20936 1.90603e-10 0.0 0.0 1.90603e-10
 2.20936  2.21379 1.90519e-10 0.0 0.0 1.90519e-10
 2.21379  2.21822 1.90433e-10 0.0 0.0 1.90433e-10
 2.21822  2.22266 1.90346e-10 0.0 0.0 1.90346e-10
 2.22266  2.22711 1.90258e-10 0.0 0.0 1.90258e-10
 2.22711  2.23157 1.90169e-10 0.0 0.0 1.90169e-10
 2.23157  2.23603 1.90079e-10 0.0 0.0 1.90079e-10
 2.23603  2.24051 1.89987e-10 0.0 0.0 1.89987e-10
 2.24051  2.24500 1.89895e-10 0.0 0.0 1.89895e-10
 2.24500  2.24949 1.89801e-10 0.0 0.0 1.89801e-10
 2.24949  2.25399 1.89706e-10 0.0 0.0 1.89706e-10
 2.25399  2.25851 1.89610e-10 0.0 0.0 1.89610e-10
 2.25851  2.26303 1.89513e-10 0.0 0.0 1.89513e-10
 2.26303  2.26756 1.89414e-10 0.0 0.0 1.89414e-10
 2.26756  2.27210 1.89315e-10 0.0 0.0 1.89315e-10
 2.27210  2.27665 1.89214e-10 0.0 0.0 1.89214e-10
 2.27665  2.28121 1.89113e-10 0.0 0.0 1.89113e-10
 2.28121  2.28577 1.89010e-10 0.0 0.0 1.89010e-10
 2.28577  2.29035 1.88906e-10 0.0 0.0 1.88906e-10
 2.29035  2.29493 1.88801e-10 0.0 0.0 1.88801e-10
 2.29493  2.29953 1.88695e-10 0.0 0.0 1.88695e-10
 2.29953  2.30413 1.88587e-10 0.0 0.0 1.88587e-10
 2.30413  2.30875 1.88479e-10 0.0 0.0 1.88479e-10
 2.30875  2.31337 1.88369e-10 0.0 0.0 1.88369e-10
 2.31337  2.31800 1.88259e-10 0.0 0.0 1.88259e-10
 2.31800  2.32264 1.88147e-10 0.0 0.0 1.88147e-10
 2.32264  2.32729 1.88034e-10 0.0 0.0 1.88034e-10
 2.32729  2.33195 1.87920e-10 0.0 0.0 1.87920e-10
 2.33195  2.33662 1.87805e-10 0.0 0.0 1.87805e-10
 2.33662  2.34129 1.87688e-10 0.0 0.0 1.87688e-10
 2.34129  2.34598 1.87571e-10 0.0 0.0 1.87571e-10
 2.34598  2.35068 1.87453e-10 0.0 0.0 1.87453e-10
 2.35068  2.35538 1.87333e-10 0.0 0.0 1.87333e-10
 2.35538  2.36010 1.87212e-10 0.0 0.0 1.87212e-10
 2.36010  2.36483 1.87091e-10 0.0 0.0 1.87091e-10
 2.36483  2.36956 1.86968e-10 0.0 0.0 1.86968e-10
 2.36956  2.37430 1.86844e-10 0.0 0.0 1.86844e-10
 2.37430  2.37906 1.86719e-10 0.0 0.0 1.86719e-10
 2.37906  2.38382 1.86593e-10 0.0 0.0 1.86593e-10
 2.38382  2.38859 1.86466e-10 0.0 0.0 1.86466e-10
 2.38859  2.39337 1.86337e-10 0.0 0.0 1.86337e-10
 2.39337  2.39817 1.86208e-10 0.0 0.0 1.86208e-10
 2.39817  2.40297 1.86078e-10 0.0 0.0 1.86078e-10
 2.40297  2.40778 1.85946e-10 0.0 0.0 1.85946e-10
 2.40778  2.41260 1.85813e-10 0.0 0.0 1.85813e-10
 2.41260  2.41743 1.85680e-10 0.0 0.0 1.85680e-10
 2.41743  2.42227 1.85545e-10 0.0 0.0 1.85545e-10
 2.42227  2.42712 1.85409e-10 0.0 0.0 1.85409e-10
 2.42712  2.43198 1.85273e-10 0.0 0.0 1.85273e-10
 2.43198  2.43685 1.85135e-10 0.0 0.0 1.85135e-10
 2.43685  2.44172 1.84996e-10 0.0 0.0 1.84996e-10
 2.44172  2.44661 1.84856e-10 0.0 0.0 1.84856e-10
 2.44661  2.45151 1.84715e-10 0.0 0.0 1.84715e-10
 2.45151  2.45642 1.84573e-10 0.0 0.0 1.84573e-10
 2.45642  2.46134 1.84429e-10 0.0 0.0 1.84429e-10
 2.46134  2.46626 1.84285e-10 0.0 0.0 1.84285e-10
 2.46626  2.47120 1.84140e-10 0.0 0.0 1.84140e-10
 2.47120  2.47615 1.83994e-10 0.0 0.0 1.83994e-10
 2.47615  2.48111 1.83846e-10 0.0 0.0 1.83846e-10
 2.48111  2.48607 1.83698e-10 0.0 0.0 1.83698e-10
 2.48607  2.49105 1.83549e-10 0.0 0.0 1.83549e-10
 2.49105  2.49604 1.83398e-10 0.0 0.0 1.83398e-10
 2.49604  2.50103 1.83247e-10 0.0 0.0 1.83247e-10
 2.50103  2.50604 1.83094e-10 0.0 0.0 1.83094e-10
 2.50604  2.51106 1.82941e-10 0.0 0.0 1.82941e-10
 2.51106  2.51609 1.82787e-10 0.0 0.0 1.82787e-10
 2.51609  2.52112 1.82631e-10 0.0 0.0 1.82631e-10
 2.52112  2.52617 1.82475e-10 0.0 0.0 1.82475e-10
 2.52617  2.53123 1.82317e-10 0.0 0.0 1.82317e-10
 2.53123  2.53629 1.82158e-10 0.0 0.0 1.82158e-10
 2.53629  2.54137 1.81999e-10 0.0 0.0 1.81999e-10
 2.54137  2.54646 1.81838e-10 0.0 0.0 1.81838e-10
 2.54646  2.55156 1.81677e-10 0.0 0.0 1.81677e-10
 2.55156  2.55667 1.81514e-10 0.0 0.0 1.81514e-10
 2.55667  2.56178 1.81351e-10 0.0 0.0 1.81351e-10
 2.56178  2.56691 1.81186e-10 0.0 0.0 1.81186e-10
 2.56691  2.57205 1.81021e-10 0.0 0.0 1.81021e-10
 2.57205  2.57720 1.80854e-10 0.0 0.0 1.80854e-10
 2.57720  2.58236 1.80687e-10 0.0 0.0 1.80687e-10
 2.58236  2.58753 1.80519e-10 0.0 0.0 1.80519e-10
 2.58753  2.59271 1.80349e-10 0.0 0.0 1.80349e-10
 2.59271  2.59790 1.80179e-10 0.0 0.0 1.80179e-10
 2.59790  2.60310 1.80008e-10 0.0 0.0 1.80008e-10
 2.60310  2.60831 1.79835e-10 0.0 0.0 1.79835e-10
 2.60831  2.61354 1.79662e-10 0.0 0.0 1.79662e-10
 2.61354  2.61877 1.79488e-10 0.0 0.0 1.79488e-10
 2.61877  2.62401 1.79313e-10 0.0 0.0 1.79313e-10
 2.62401  2.62926 1.79137e-10 0.0 0.0 1.79137e-10
 2.62926  2.63453 1.78960e-10 0.0 0.0 1.78960e-10
 2.63453  2.63980 1.78782e-10 0.0 0.0 1.78782e-10
 2.63980  2.64509 1.78603e-10 0.0 0.0 1.78603e-10
 2.64509  2.65038 1.78423e-10 0.0 0.0 1.78423e-10
 2.65038  2.65569 1.78242e-10 0.0 0.0 1.78242e-10
 2.65569  2.66101 1.78060e-10 0.0 0.0 1.78060e-10
 2.66101  2.66633 1.77877e-10 0.0 0.0 1.77877e-10
 2.66633  2.67167 1.77694e-10 0.0 0.0 1.77694e-10
 2.67167  2.67702 1.77509e-10 0.0 0.0 1.77509e-10
 2.67702  2.68238 1.77324e-10 0.0 0.0 1.77324e-10
 2.68238  2.68775 1.77138e-10 0.0 0.0 1.77138e-10
 2.68775  2.69313 1.76950e-10 0.0 0.0 1.76950e-10
 2.69313  2.69852 1.76762e-10 0.0 0.0 1.76762e-10
 2.69852  2.70392 1.76573e-10 0.0 0.0 1.76573e-10
 2.70392  2.70934 1.76383e-10 0.0 0.0 1.76383e-10
 2.70934  2.71476 1.76192e-10 0.0 0.0 1.76192e-10
 2.71476  2.72020 1.76000e-10 0.0 0.0 1.76000e-10
 2.72020  2.72564 1.75808e-10 0.0 0.0 1.75808e-10
 2.72564  2.73110 1.75614e-10 0.0 0.0 1.75614e-10
 2.73110  2.73657 1.75420e-10 0.0 0.0 1.75420e-10
 2.73657  2.74205 1.75224e-10 0.0 0.0 1.75224e-10
 2.74205  2.74754 1.75028e-10 0.0 0.0 1.75028e-10
 2.74754  2.75304 1.74831e-10 0.0 0.0 1.74831e-10
 2.75304  2.75855 1.74633e-10 0.0 0.0 1.74633e-10
 2.75855  2.76407 1.74434e-10 0.0 0.0 1.74434e-10
 2.76407  2.76960 1.74235e-10 0.0 0.0 1.74235e-10
 2.76960  2.77515 1.74034e-10 0.0 0.0 1.74034e-10
 2.77515  2.78070 1.73833e-10 0.0 0.0 1.73833e-10
 2.78070  2.78627 1.73630e-10 0.0 0.0 1.73630e-10
 2.78627  2.79185 1.73427e-10 0.0 0.0 1.73427e-10
 2.79185  2.79744 1.73223e-10 0.0 0.0 1.73223e-10
 2.79744  2.80304 1.73018e-10 0.0 0.0 1.73018e-10
 2.80304  2.80865 1.72813e-10 0.0 0.0 1.72813e-10
 2.80865  2.81427 1.72606e-10 0.0 0.0 1.72606e-10
 2.81427  2.81991 1.72399e-10 0.0 0.0 1.72399e-10
 2.81991  2.82555 1.72191e-10 0.0 0.0 1.72191e-10
 2.82555  2.83121 1.71982e-10 0.0 0.0 1.71982e-10
 2.83121  2.83688 1.71772e-10 0.0 0.0 1.71772e-10
 2.83688  2.84256 1.71561e-10 0.0 0.0 1.71561e-10
 2.84256  2.84825 1.71350e-10 0.0 0.0 1.71350e-10
 2.84825  2.85395 1.71138e-10 0.0 0.0 1.71138e-10
 2.85395  2.85966 1.70925e-10 0.0 0.0 1.70925e-10
 2.85966  2.86539 1.70711e-10 0.0 0.0 1.70711e-10
 2.86539  2.87113 1.70496e-10 0.0 0.0 1.70496e-10
 2.87113  2.87687 1.70281e-10 0.0 0.0 1.70281e-10
 2.87687  2.88263 1.70064e-10 0.0 0.0 1.70064e-10
 2.88263  2.88840 1.69847e-10 0.0 0.0 1.69847e-10
 2.88840  2.89419 1.69630e-10 0.0 0.0 1.69630e-10
 2.89419  2.89998 1.69411e-10 0.0 0.0 1.69411e-10
 2.89998  2.90579 1.69192e-10 0.0 0.0 1.69192e-10
 2.90579  2.91160 1.68972e-10 0.0 0.0 1.68972e-10
 2.91160  2.91743 1.68751e-10 0.0 0.0 1.68751e-10
 2.91743  2.92327 1.68529e-10 0.0 0.0 1.68529e-10
 2.92327  2.92913 1.68306e-10 0.0 0.0 1.68306e-10
 2.92913  2.93499 1.68083e-10 0.0 0.0 1.68083e-10
 2.93499  2.94087 1.67859e-10 0.0 0.0 1.67859e-10
 2.94087  2.94675 1.67635e-10 0.0 0.0 1.67635e-10
 2.94675  2.95265 1.67409e-10 0.0 0.0 1.67409e-10
 2.95265  2.95856 1.67183e-10 0.0 0.0 1.67183e-10
 2.95856  2.96449 1.66956e-10 0.0 0.0 1.66956e-10
 2.96449  2.97042 1.66728e-10 0.0 0.0 1.66728e-10
 2.97042  2.97637 1.66500e-10 0.0 0.0 1.66500e-10
 2.97637  2.98233 1.66271e-10 0.0 0.0 1.66271e-10
 2.98233  2.98830 1.66041e-10 0.0 0.0 1.66041e-10
 2.98830  2.99428 1.65810e-10 0.0 0.0 1.65810e-10
 2.99428  3.00028 1.65579e-10 0.0 0.0 1.65579e-10
 3.00028  3.00628 1.65347e-10 0.0 0.0 1.65347e-10
 3.00628  3.01230 1.65114e-10 0.0 0.0 1.65114e-10
 3.01230  3.01833 1.64881e-10 0.0 0.0 1.64881e-10
 3.01833  3.02437 1.64647e-10 0.0 0.0 1.64647e-10
 3.02437  3.03043 1.64412e-10 0.0 0.0 1.64412e-10
 3.03043  3.03650 1.64176e-10 0.0 0.0 1.64176e-10
 3.03650  3.04257 1.63940e-10 0.0 0.0 1.63940e-10
 3.04257  3.04867 1.63703e-10 0.0 0.0 1.63703e-10
 3.04867  3.05477 1.63466e-10 0.0 0.0 1.63466e-10
 3.05477  3.06089 1.63227e-10 0.0 0.0 1.63227e-10
 3.06089  3.06701 1.62988e-10 0.0 0.0 1.62988e-10
 3.06701  3.07315 1.62749e-10 0.0 0.0 1.62749e-10
 3.07315  3.07931 1.62509e-10 0.0 0.0 1.62509e-10
 3.07931  3.08547 1.62268e-10 0.0 0.0 1.62268e-10
 3.08547  3.09165 1.62026e-10 0.0 0.0 1.62026e-10
 3.09165  3.09784 1.61784e-10 0.0 0.0 1.61784e-10
 3.09784  3.10404 1.61541e-10 0.0 0.0 1.61541e-10
 3.10404  3.11025 1.61297e-10 0.0 0.0 1.61297e-10
 3.11025  3.11648 1.61053e-10 0.0 0.0 1.61053e-10
 3.11648  3.12272 1.60808e-10 0.0 0.0 1.60808e-10
 3.12272  3.12897 1.60563e-10 0.0 0.0 1.60563e-10
 3.12897  3.13524 1.60317e-10 0.0 0.0 1.60317e-10
 3.13524  3.14151 1.60070e-10 0.0 0.0 1.60070e-10
 3.14151  3.14780 1.59823e-10 0.0 0.0 1.59823e-10
 3.14780  3.15410 1.59575e-10 0.0 0.0 1.59575e-10
 3.15410  3.16042 1.59326e-10 0.0 0.0 1.59326e-10
 3.16042  3.16674 1.59077e-10 0.0 0.0 1.59077e-10
 3.16674  3.17308 1.58828e-10 0.0 0.0 1.58828e-10
 3.17308  3.17944 1.58577e-10 0.0 0.0 1.58577e-10
 3.17944  3.18580 1.58326e-10 0.0 0.0 1.58326e-10
 3.18580  3.19218 1.58075e-10 0.0 0.0 1.58075e-10
 3.19218  3.19857 1.57823e-10 0.0 0.0 1.57823e-10
 3.19857  3.20497 1.57570e-10 0.0 0.0 1.57570e-10
 3.20497  3.21139 1.57317e-10 0.0 0.0 1.57317e-10
 3.21139  3.21782 1.57063e-10 0.0 0.0 1.57063e-10
 3.21782  3.22426 1.56808e-10 0.0 0.0 1.56808e-10
 3.22426  3.23072 1.56553e-10 0.0 0.0 1.56553e-10
 3.23072  3.23719 1.56298e-10 0.0 0.0 1.56298e-10
 3.23719  3.24367 1.56041e-10 0.0 0.0 1.56041e-10
 3.24367  3.25016 1.55785e-10 0.0 0.0 1.55785e-10
 3.25016  3.25667 1.55527e-10 0.0 0.0 1.55527e-10
 3.25667  3.26319 1.55270e-10 0.0 0.0 1.55270e-10
 3.26319  3.26972 1.55011e-10 0.0 0.0 1.55011e-10
 3.26972  3.27627 1.54752e-10 0.0 0.0 1.54752e-10
 3.27627  3.28282 1.54493e-10 0.0 0.0 1.54493e-10
 3.28282  3.28940 1.54233e-10 0.0 0.0 1.54233e-10
 3.28940  3.29598 1.53973e-10 0.0 0.0 1.53973e-10
 3.29598  3.30258 1.53712e-10 0.0 0.0 1.53712e-10
 3.30258  3.30919 1.53450e-10 0.0 0.0 1.53450e-10
 3.30919  3.31582 1.53188e-10 0.0 0.0 1.53188e-10
 3.31582  3.32246 1.52926e-10 0.0 0.0 1.52926e-10
 3.32246  3.32911 1.52662e-10 0.0 0.0 1.52662e-10
 3.32911  3.33577 1.52399e-10 0.0 0.0 1.52399e-10
 3.33577  3.34245 1.52135e-10 0.0 0.0 1.52135e-10
 3.34245  3.34914 1.51870e-10 0.0 0.0 1.51870e-10
 3.34914  3.35585 1.51605e-10 0.0 0.0 1.51605e-10
 3.35585  3.36257 1.51340e-10 0.0 0.0 1.51340e-10
 3.36257  3.36930 1.51074e-10 0.0 0.0 1.51074e-10
 3.36930  3.37604 1.50807e-10 0.0 0.0 1.50807e-10
 3.37604  3.38280 1.50540e-10 0.0 0.0 1.50540e-10
 3.38280  3.38957 1.50273e-10 0.0 0.0 1.50273e-10
 3.38957  3.39636 1.50005e-10 0.0 0.0 1.50005e-10
 3.39636  3.40316 1.49737e-10 0.0 0.0 1.49737e-10
 3.40316  3.40997 1.49468e-10 0.0 0.0 1.49468e-10
 3.40997  3.41680 1.49199e-10 0.0 0.0 1.49199e-10
 3.41680  3.42364 1.48929e-10 0.0 0.0 1.48929e-10
 3.42364  3.43049 1.48659e-10 0.0 0.0 1.48659e-10
 3.43049  3.43736 1.48388e-10 0.0 0.0 1.48388e-10
 3.43736  3.44424 1.48117e-10 0.0 0.0 1.48117e-10
 3.44424  3.45114 1.47846e-10 0.0 0.0 1.47846e-10
 3.45114  3.45805 1.47574e-10 0.0 0.0 1.47574e-10
 3.45805  3.46497 1.47302e-10 0.0 0.0 1.47302e-10
 3.46497  3.47191 1.47029e-10 0.0 0.0 1.47029e-10
 3.47191  3.47886 1.46756e-10 0.0 0.0 1.46756e-10
 3.47886  3.48582 1.46482e-10 0.0 0.0 1.46482e-10
 3.48582  3.49280 1.46208e-10 0.0 0.0 1.46208e-10
 3.49280  3.49979 1.45934e-10 0.0 0.0 1.45934e-10
 3.49979  3.50680 1.45659e-10 0.0 0.0 1.45659e-10
 3.50680  3.51382 1.45384e-10 0.0 0.0 1.45384e-10
 3.51382  3.52086 1.45109e-10 0.0 0.0 1.45109e-10
 3.52086  3.52790 1.44833e-10 0.0 0.0 1.44833e-10
 3.52790  3.53497 1.44556e-10 0.0 0.0 1.44556e-10
 3.53497  3.54204 1.44280e-10 0.0 0.0 1.44280e-10
 3.54204  3.54914 1.44003e-10 0.0 0.0 1.44003e-10
 3.54914  3.55624 1.43725e-10 0.0 0.0 1.43725e-10
 3.55624  3.56336 1.43448e-10 0.0 0.0 1.43448e-10
 3.56336  3.57049 1.43169e-10 0.0 0.0 1.43169e-10
 3.57049  3.57764 1.42891e-10 0.0 0.0 1.42891e-10
 3.57764  3.58481 1.42612e-10 0.0 0.0 1.42612e-10
 3.58481  3.59198 1.42333e-10 0.0 0.0 1.42333e-10
 3.59198  3.59917 1.42053e-10 0.0 0.0 1.42053e-10
 3.59917  3.60638 1.41773e-10 0.0 0.0 1.41773e-10
 3.60638  3.61360 1.41493e-10 0.0 0.0 1.41493e-10
 3.61360  3.62083 1.41213e-10 0.0 0.0 1.41213e-10
 3.62083  3.62808 1.40932e-10 0.0 0.0 1.40932e-10
 3.62808  3.63535 1.40651e-10 0.0 0.0 1.40651e-10
 3.63535  3.64262 1.40369e-10 0.0 0.0 1.40369e-10
 3.64262  3.64992 1.40087e-10 0.0 0.0 1.40087e-10
 3.64992  3.65722 1.39805e-10 0.0 0.0 1.39805e-10
 3.65722  3.66454 1.39523e-10 0.0 0.0 1.39523e-10
 3.66454  3.67188 1.39240e-10 0.0 0.0 1.39240e-10
 3.67188  3.67923 1.38957e-10 0.0 0.0 1.38957e-10
 3.67923  3.68660 1.38674e-10 0.0 0.0 1.38674e-10
 3.68660  3.69398 1.38390e-10 0.0 0.0 1.38390e-10
 3.69398  3.70137 1.38106e-10 0.0 0.0 1.38106e-10
 3.70137  3.70878 1.37822e-10 0.0 0.0 1.37822e-10
 3.70878  3.71621 1.37538e-10 0.0 0.0 1.37538e-10
 3.71621  3.72365 1.37253e-10 0.0 0.0 1.37253e-10
 3.72365  3.73110 1.36968e-10 0.0 0.0 1.36968e-10
 3.73110  3.73857 1.36683e-10 0.0 0.0 1.36683e-10
 3.73857  3.74606 1.36397e-10 0.0 0.0 1.36397e-10
 3.74606  3.75356 1.36111e-10 0.0 0.0 1.36111e-10
 3.75356  3.76107 1.35825e-10 0.0 0.0 1.35825e-10
 3.76107  3.76860 1.35539e-10 0.0 0.0 1.35539e-10
 3.76860  3.77615 1.35253e-10 0.0 0.0 1.35253e-10
 3.77615  3.78371 1.34966e-10 0.0 0.0 1.34966e-10
 3.78371  3.79128 1.34679e-10 0.0 0.0 1.34679e-10
 3.79128  3.79887 1.34392e-10 0.0 0.0 1.34392e-10
 3.79887  3.80648 1.34104e-10 0.0 0.0 1.34104e-10
 3.80648  3.81410 1.33816e-10 0.0 0.0 1.33816e-10
 3.81410  3.82173 1.33529e-10 0.0 0.0 1.33529e-10
 3.82173  3.82938 1.33240e-10 0.0 0.0 1.33240e-10
 3.82938  3.83705 1.32952e-10 0.0 0.0 1.32952e-10
 3.83705  3.84473 1.32664e-10 0.0 0.0 1.32664e-10
 3.84473  3.85243 1.32375e-10 0.0 0.0 1.32375e-10
 3.85243  3.86014 1.32086e-10 0.0 0.0 1.32086e-10
 3.86014  3.86787 1.31797e-10 0.0 0.0 1.31797e-10
 3.86787  3.87561 1.31507e-10 0.0 0.0 1.31507e-10
 3.87561  3.88337 1.31218e-10 0.0 0.0 1.31218e-10
 3.88337  3.89115 1.30928e-10 0.0 0.0 1.30928e-10
 3.89115  3.89894 1.30638e-10 0.0 0.0 1.30638e-10
 3.89894  3.90674 1.30348e-10 0.0 0.0 1.30348e-10
 3.90674  3.91456 1.30058e-10 0.0 0.0 1.30058e-10
 3.91456  3.92240 1.29768e-10 0.0 0.0 1.29768e-10
 3.92240  3.93025 1.29477e-10 0.0 0.0 1.29477e-10
 3.93025  3.93812 1.29187e-10 0.0 0.0 1.29187e-10
 3.93812  3.94601 1.28896e-10 0.0 0.0 1.28896e-10
 3.94601  3.95391 1.28605e-10 0.0 0.0 1.28605e-10
 3.95391  3.96182 1.28313e-10 0.0 0.0 1.28313e-10
 3.96182  3.96975 1.28022e-10 0.0 0.0 1.28022e-10
 3.96975  3.97770 1.27731e-10 0.0 0.0 1.27731e-10
 3.97770  3.98567 1.27439e-10 0.0 0.0 1.27439e-10
 3.98567  3.99364 1.27147e-10 0.0 0.0 1.27147e-10
 3.99364  4.00164 1.26856e-10 0.0 0.0 1.26856e-10
 4.00164  4.00965 1.26564e-10 0.0 0.0 1.26564e-10
 4.00965  4.01768 1.26272e-10 0.0 0.0 1.26272e-10
 4.01768  4.02572 1.25979e-10 0.0 0.0 1.25979e-10
 4.02572  4.03378 1.25687e-10 0.0 0.0 1.25687e-10
 4.03378  4.04186 1.25395e-10 0.0 0.0 1.25395e-10
 4.04186  4.04995 1.25102e-10 0.0 0.0 1.25102e-10
 4.04995  4.05806 1.24810e-10 0.0 0.0 1.24810e-10
 4.05806  4.06618 1.24517e-10 0.0 0.0 1.24517e-10
 4.06618  4.07432 1.24224e-10 0.0 0.0 1.24224e-10
 4.07432  4.08248 1.23931e-10 0.0 0.0 1.23931e-10
 4.08248  4.09065 1.23638e-10 0.0 0.0 1.23638e-10
 4.09065  4.09884 1.23345e-10 0.0 0.0 1.23345e-10
 4.09884  4.10705 1.23052e-10 0.0 0.0 1.23052e-10
 4.10705  4.11527 1.22759e-10 0.0 0.0 1.22759e-10
 4.11527  4.12351 1.22466e-10 0.0 0.0 1.22466e-10
 4.12351  4.13176 1.22172e-10 0.0 0.0 1.22172e-10
 4.13176  4.14003 1.21879e-10 0.0 0.0 1.21879e-10
 4.14003  4.14832 1.21585e-10 0.0 0.0 1.21585e-10
 4.14832  4.15663 1.21292e-10 0.0 0.0 1.21292e-10
 4.15663  4.16495 1.20998e-10 0.0 0.0 1.20998e-10
 4.16495  4.17329 1.20705e-10 0.0 0.0 1.20705e-10
 4.17329  4.18164 1.20411e-10 0.0 0.0 1.20411e-10
 4.18164  4.19001 1.20117e-10 0.0 0.0 1.20117e-10
 4.19001  4.19840 1.19824e-10 0.0 0.0 1.19824e-10
 4.19840  4.20681 1.19530e-10 0.0 0.0 1.19530e-10
 4.20681  4.21523 1.19236e-10 0.0 0.0 1.19236e-10
 4.21523  4.22367 1.18942e-10 0.0 0.0 1.18942e-10
 4.22367  4.23212 1.18648e-10 0.0 0.0 1.18648e-10
 4.23212  4.24060 1.18355e-10 0.0 0.0 1.18355e-10
 4.24060  4.24909 1.18061e-10 0.0 0.0 1.18061e-10
 4.24909  4.25759 1.17767e-10 0.0 0.0 1.17767e-10
 4.25759  4.26612 1.17473e-10 0.0 0.0 1.17473e-10
 4.26612  4.27466 1.17179e-10 0.0 0.0 1.17179e-10
 4.27466  4.28322 1.16885e-10 0.0 0.0 1.16885e-10
 4.28322  4.29179 1.16591e-10 0.0 0.0 1.16591e-10
 4.29179  4.30038 1.16298e-10 0.0 0.0 1.16298e-10
 4.30038  4.30899 1.16004e-10 0.0 0.0 1.16004e-10
 4.30899  4.31762 1.15710e-10 0.0 0.0 1.15710e-10
 4.31762  4.32626 1.15416e-10 0.0 0.0 1.15416e-10
 4.32626  4.33492 1.15122e-10 0.0 0.0 1.15122e-10
 4.33492  4.34360 1.14829e-10 0.0 0.0 1.14829e-10
 4.34360  4.35230 1.14535e-10 0.0 0.0 1.14535e-10
 4.35230  4.36101 1.14241e-10 0.0 0.0 1.14241e-10
 4.36101  4.36974 1.13948e-10 0.0 0.0 1.13948e-10
 4.36974  4.37849 1.13654e-10 0.0 0.0 1.13654e-10
 4.37849  4.38726 1.13360e-10 0.0 0.0 1.13360e-10
 4.38726  4.39604 1.13067e-10 0.0 0.0 1.13067e-10
 4.39604  4.40484 1.12774e-10 0.0 0.0 1.12774e-10
 4.40484  4.41366 1.12480e-10 0.0 0.0 1.12480e-10
 4.41366  4.42250 1.12187e-10 0.0 0.0 1.12187e-10
 4.42250  4.43135 1.11894e-10 0.0 0.0 1.11894e-10
 4.43135  4.44022 1.11600e-10 0.0 0.0 1.11600e-10
 4.44022  4.44911 1.11307e-10 0.0 0.0 1.11307e-10
 4.44911  4.45802 1.11014e-10 0.0 0.0 1.11014e-10
 4.45802  4.46694 1.10721e-10 0.0 0.0 1.10721e-10
 4.46694  4.47589 1.10428e-10 0.0 0.0 1.10428e-10
 4.47589  4.48485 1.10135e-10 0.0 0.0 1.10135e-10
 4.48485  4.49382 1.09843e-10 0.0 0.0 1.09843e-10
 4.49382  4.50282 1.09550e-10 0.0 0.0 1.09550e-10
 4.50282  4.51184 1.09258e-10 0.0 0.0 1.09258e-10
 4.51184  4.52087 1.08965e-10 0.0 0.0 1.08965e-10
 4.52087  4.52992 1.08673e-10 0.0 0.0 1.08673e-10
 4.52992  4.53899 1.08380e-10 0.0 0.0 1.08380e-10
 4.53899  4.54808 1.08088e-10 0.0 0.0 1.08088e-10
 4.54808  4.55718 1.07796e-10 0.0 0.0 1.07796e-10
 4.55718  4.56630 1.07504e-10 0.0 0.0 1.07504e-10
 4.56630  4.57545 1.07213e-10 0.0 0.0 1.07213e-10
 4.57545  4.58461 1.06921e-10 0.0 0.0 1.06921e-10
 4.58461  4.59378 1.06629e-10 0.0 0.0 1.06629e-10
 4.59378  4.60298 1.06338e-10 0.0 0.0 1.06338e-10
 4.60298  4.61220 1.06047e-10 0.0 0.0 1.06047e-10
 4.61220  4.62143 1.05756e-10 0.0 0.0 1.05756e-10
 4.62143  4.63068 1.05465e-10 0.0 0.0 1.05465e-10
 4.63068  4.63995 1.05174e-10 0.0 0.0 1.05174e-10
 4.63995  4.64924 1.04883e-10 0.0 0.0 1.04883e-10
 4.64924  4.65855 1.04592e-10 0.0 0.0 1.04592e-10
 4.65855  4.66788 1.04302e-10 0.0 0.0 1.04302e-10
 4.66788  4.67722 1.04012e-10 0.0 0.0 1.04012e-10
 4.67722  4.68659 1.03722e-10 0.0 0.0 1.03722e-10
 4.68659  4.69597 1.03432e-10 0.0 0.0 1.03432e-10
 4.69597  4.70537 1.03142e-10 0.0 0.0 1.03142e-10
 4.70537  4.71479 1.02852e-10 0.0 0.0 1.02852e-10
 4.71479  4.72423 1.02563e-10 0.0 0.0 1.02563e-10
 4.72423  4.73369 1.02273e-10 0.0 0.0 1.02273e-10
 4.73369  4.74316 1.01984e-10 0.0 0.0 1.01984e-10
 4.74316  4.75266 1.01695e-10 0.0 0.0 1.01695e-10
 4.75266  4.76217 1.01407e-10 0.0 0.0 1.01407e-10
 4.76217  4.77171 1.01118e-10 0.0 0.0 1.01118e-10
 4.77171  4.78126 1.00830e-10 0.0 0.0 1.00830e-10
 4.78126  4.79083 1.00541e-10 0.0 0.0 1.00541e-10
 4.79083  4.80042 1.00254e-10 0.0 0.0 1.00254e-10
 4.80042  4.81003 9.99657e-11 0.0 0.0 9.99657e-11
 4.81003  4.81966 9.96781e-11 0.0 0.0 9.96781e-11
 4.81966  4.82931 9.93907e-11 0.0 0.0 9.93907e-11
 4.82931  4.83898 9.91035e-11 0.0 0.0 9.91035e-11
 4.83898  4.84867 9.88166e-11 0.0 0.0 9.88166e-11
 4.84867  4.85838 9.85298e-11 0.0 0.0 9.85298e-11
 4.85838  4.86810 9.82433e-11 0.0 0.0 9.82433e-11
 4.86810  4.87785 9.79569e-11 0.0 0.0 9.79569e-11
 4.87785  4.88761 9.76708e-11 0.0 0.0 9.76708e-11
 4.88761  4.89740 9.73850e-11 0.0 0.0 9.73850e-11
 4.89740  4.90720 9.70993e-11 0.0 0.0 9.70993e-11
 4.90720  4.91703 9.68139e-11 0.0 0.0 9.68139e-11
 4.91703  4.92687 9.65287e-11 0.0 0.0 9.65287e-11
 4.92687  4.93673 9.62437e-11 0.0 0.0 9.62437e-11
 4.93673  4.94662 9.59590e-11 0.0 0.0 9.59590e-11
 4.94662  4.95652 9.56745e-11 0.0 0.0 9.56745e-11
 4.95652  4.96644 9.53903e-11 0.0 0.0 9.53903e-11
 4.96644  4.97639 9.51063e-11 0.0 0.0 9.51063e-11
 4.97639  4.98635 9.48225e-11 0.0 0.0 9.48225e-11
 4.98635  4.99633 9.45390e-11 0.0 0.0 9.45390e-11
