 1.00000e+00   888.100   2.35453       0.000  8.37244e-01  1.61600e-01  6.74100e-04  4.81800e-04
 7.54300e-01   888.121   2.35453     117.650  8.37244e-01  1.61600e-01  6.74100e-04  4.81800e-04
 5.17900e-01   836.146   2.35454     272.206  8.37243e-01  1.61600e-01  6.74400e-04  4.82200e-04
 3.55600e-01   779.781   2.35471     419.434  8.37232e-01  1.61600e-01  6.80000e-04  4.87900e-04
 2.44200e-01   730.554   2.35472     559.183  8.37232e-01  1.61600e-01  6.80300e-04  4.88100e-04
 1.67700e-01   672.700   2.35475     690.921  8.37131e-01  1.61700e-01  6.80600e-04  4.88400e-04
 1.15100e-01   601.047   2.35475     812.118  8.37131e-01  1.61700e-01  6.80600e-04  4.88400e-04
 7.90600e-02   528.273   2.35476     920.883  8.37131e-01  1.61700e-01  6.80600e-04  4.88400e-04
 5.42900e-02   467.059   2.35478    1017.783  8.37131e-01  1.61700e-01  6.80400e-04  4.88500e-04
 3.72800e-02   422.561   2.35478    1105.228  8.37131e-01  1.61700e-01  6.80300e-04  4.88500e-04
 2.56000e-02   393.715   2.35479    1186.169  8.37131e-01  1.61700e-01  6.80200e-04  4.88500e-04
 1.75800e-02   376.560   2.35478    1263.175  8.37132e-01  1.61700e-01  6.80000e-04  4.88500e-04
 1.20700e-02   366.937   2.35478    1338.088  8.37132e-01  1.61700e-01  6.79900e-04  4.88400e-04
 8.28600e-03   361.726   2.35478    1412.069  8.37132e-01  1.61700e-01  6.79800e-04  4.88400e-04
 5.69000e-03   358.960   2.35478    1485.795  8.37132e-01  1.61700e-01  6.79800e-04  4.88400e-04
 3.90700e-03   357.507   2.35478    1559.642  8.37132e-01  1.61700e-01  6.79800e-04  4.88400e-04
 2.68300e-03   356.748   2.35477    1633.815  8.37132e-01  1.61700e-01  6.79800e-04  4.88400e-04
 1.84200e-03   356.352   2.35477    1708.428  8.37132e-01  1.61700e-01  6.79800e-04  4.88400e-04
 1.26500e-03   356.146   2.35475    1783.542  8.37132e-01  1.61700e-01  6.79800e-04  4.88400e-04
 8.68500e-04   356.039   2.35475    1859.193  8.37132e-01  1.61700e-01  6.79800e-04  4.88400e-04
 5.96400e-04   355.984   2.35475    1935.402  8.37132e-01  1.61700e-01  6.79800e-04  4.88400e-04
 4.09500e-04   355.955   2.35475    2012.185  8.37132e-01  1.61700e-01  6.79800e-04  4.88400e-04
 2.81200e-04   355.940   2.35475    2089.552  8.37132e-01  1.61700e-01  6.79800e-04  4.88400e-04
 1.93100e-04   355.932   2.35475    2167.513  8.37132e-01  1.61700e-01  6.79800e-04  4.88400e-04
 1.32600e-04   355.928   2.35475    2246.075  8.37132e-01  1.61700e-01  6.79800e-04  4.88400e-04
 9.10300e-05   355.926   2.35479    2325.244  8.37129e-01  1.61700e-01  6.82500e-04  4.88400e-04
 6.25100e-05   355.925   2.35496    2405.023  8.37118e-01  1.61700e-01  6.93600e-04  4.88400e-04
 4.29200e-05   355.924   2.35514    2485.421  8.37107e-01  1.61700e-01  7.04800e-04  4.88400e-04
 2.94700e-05   355.924   2.35533    2566.443  8.37095e-01  1.61700e-01  7.16200e-04  4.88400e-04
 2.02400e-05   355.924   2.35551    2648.096  8.37084e-01  1.61700e-01  7.27900e-04  4.88400e-04
 1.38900e-05   355.924   2.35570    2730.390  8.37072e-01  1.61700e-01  7.39700e-04  4.88400e-04
 9.54100e-06   355.924   2.35584    2813.331  8.37063e-01  1.61700e-01  7.48600e-04  4.88400e-04
 6.55100e-06   355.923   2.35565    2896.941  8.37075e-01  1.61700e-01  7.36500e-04  4.88400e-04
 4.49800e-06   355.923   2.35545    2981.227  8.37087e-01  1.61700e-01  7.24700e-04  4.88400e-04
 3.08900e-06   355.923   2.35525    3066.198  8.37199e-01  1.61600e-01  7.13000e-04  4.88400e-04
 2.12100e-06   355.923   2.35507    3151.862  8.37210e-01  1.61600e-01  7.01500e-04  4.88400e-04
 1.45600e-06   355.923   2.35488    3238.226  8.37221e-01  1.61600e-01  6.90200e-04  4.88400e-04
 1.00000e-06   355.923   2.35470    3325.300  8.37232e-01  1.61600e-01  6.79100e-04  4.88400e-04